-10.479685321493852 -3.7383145388111942 
-10.492044997725468 -3.7342009518911494 
-9.495180839984013 -3.5986468085097316 
-9.353803143377135 -3.5447681085191785 
-10.114855987199896 -3.5290939248358066 
-10.566487741425142 -3.4649375896944363 
-10.443135462891433 -3.3918741697801877 
-10.179112831847181 -3.3453872478046174 
-10.500446213582187 -3.2310003463476673 
-10.549464695910032 -3.20779835918938 
-10.526047701801032 -3.1740801417324533 
-9.863750242778822 -3.117491409903021 
-10.059763244923673 -3.0917729838578145 
-9.449881598716765 -3.043151580333709 
-9.374423173818586 -3.014567004031717 
-9.456283392695497 -2.9652998275344666 
-10.234412637620558 -2.9532616241839733 
-9.980880994261756 -2.9156535488325677 
-9.465212972834184 -2.8495815178281827 
-10.130080492024517 -2.820388189395908 
-9.924666586485639 -2.784954475128007 
-9.940582215719827 -2.7666741803677675 
-9.566981346800645 -2.732805298501373 
-9.912819960150856 -2.6973943178357205 
-9.912819960150856 -2.6973943178357205 
-9.561636806804078 -2.657429524767758 
-9.539221354009166 -2.6404940478579713 
-9.608824855086556 -2.6323123845187064 
-9.557605599677032 -2.5920225718102206 
-9.761679724469907 -2.580488917839821 
-9.58402902050933 -2.5440228702911565 
-9.47277773118202 -2.5323528712880865 
-9.527499318327456 -2.527641662102455 
-9.518899070540233 -2.5214421993685674 
-9.590069247233874 -2.503936228059536 
-9.562204594431588 -2.4823819248490366 
-9.480343107594372 -2.456325704239992 
-9.457589102618995 -2.432306414190167 
-9.531018194348126 -2.419606774129048 
-9.537030196954817 -2.4156638576761056 
-9.375526412874082 -2.3971661317283184 
-9.468072517874203 -2.3839638314473746 
-9.393757704988317 -2.3618630247600683 
-9.308142928561974 -2.351384846745746 
-9.457963454841725 -2.336447676725051 
-9.403703652716331 -2.3320080077915835 
-9.403703652716331 -2.3320080077915835 
-9.369532721373085 -2.328230611270193 
-9.389269722435508 -2.302989212782933 
-9.352355440722807 -2.287748147721436 
-9.352355440722807 -2.287748147721436 
-9.44349557206963 -2.277710984889584 
-9.399958481554933 -2.261172383454039 
-9.407246036287635 -2.2421003960496777 
-9.469673175801812 -2.2247266427004444 
-10.190048204087166 -2.2050213073598384 
-10.245800280978552 -2.1938905618987548 
-10.26868568582411 -2.188397737632221 
-10.17653182621363 -2.1712354073969964 
-10.17653182621363 -2.1712354073969964 
-10.217087414497161 -2.153029169281712 
-10.126089397853367 -2.1424136233778377 
-10.217724998117742 -2.107886582934981 
-10.19997143833448 -2.1054622317512575 
-10.193135594432162 -2.100388958535638 
-10.193135594432162 -2.093501955493193 
-10.17546608711632 -2.086747467076731 
-10.153676116698186 -2.0843222892324347 
-10.14999964610995 -2.0825030509998577 
-10.147662238737102 -2.0777066958166692 
-10.22124628500828 -2.0705447470798175 
-10.203473035480808 -2.0656674822384002 
-10.237089024366206 -2.0625443362219893 
-10.203346267194807 -2.054225741183023 
-10.134793211220432 -2.046346575283957 
-10.12962263445915 -2.040713605976713 
-10.172603634829741 -2.0300115742442437 
-10.151690614540323 -2.0263504631660663 
-10.198381668762309 -2.0010930284121557 
-10.198381668762309 -1.9904008652461214 
-10.198381668762309 -1.9904008652461214 
-10.19532094852099 -1.9863226027339596 
-10.068371845234447 -1.9786390115613668 
-10.15471101644592 -1.9753054507178889 
-10.083971312024929 -1.9600711553570402 
-10.017666821132785 -1.943952299242211 
-10.02331598684886 -1.9436123295253087 
-9.984674739518194 -1.93778845946448 
-9.984674739518194 -1.93778845946448 
-9.919285316304393 -1.9272676263796418 
-9.945602460723205 -1.9213272980173808 
-9.94917388929463 -1.919407856870976 
-9.924604830567116 -1.8904156334243039 
-9.928281301155351 -1.8855303544112878 
-9.861268489951886 -1.8742427154995749 
-9.774615998789223 -1.8721986346455357 
-9.883013111254883 -1.8590239110675495 
-9.816288219356226 -1.8516634408554893 
-9.845003603444072 -1.8494082568430494 
-9.840241698682167 -1.8493717669562098 
-9.758922281573188 -1.835535129106153 
-9.78096581930661 -1.8272022976980826 
-9.686246260268 -1.808174944635493 
-9.686246260268 -1.808174944635493 
-9.697136080906247 -1.8046489821709248 
-9.665949164529788 -1.795952899465226 
-9.665949164529788 -1.795952899465226 
-9.665949164529788 -1.795952899465226 
-9.679340629223123 -1.7852394769523623 
-9.707079379485236 -1.7770722328300073 
-9.687057206982256 -1.7689742970035682 
-9.687057206982256 -1.7689742970035682 
-9.70289065364576 -1.7621971304161241 
-9.720276166369441 -1.7574898788302664 
-9.66512384963428 -1.7551873398734732 
-9.695013351188734 -1.7467002242035863 
-9.695013351188734 -1.7467002242035863 
-9.750165667923895 -1.7404413028816514 
-9.750165667923895 -1.7404413028816514 
-9.706242326574056 -1.7336569800908754 
-9.699502424691559 -1.7283788604787844 
-9.699502424691559 -1.7283788604787844 
-9.732186474845545 -1.7103634804273253 
-9.744044491900938 -1.7045180167283194 
-9.688407606059144 -1.6984704453592823 
-9.67720521366482 -1.6966897675945258 
-9.714531066101424 -1.6926280842164252 
-9.714531066101424 -1.6926280842164252 
-9.728739420113955 -1.675212567989003 
-9.734837504430885 -1.6677034129739159 
-9.710784465677222 -1.6636080129113924 
-9.714076135271767 -1.6584072607775466 
-9.74862041448002 -1.6503020378517155 
-9.74862041448002 -1.6503020378517155 
-9.74862041448002 -1.6503020378517155 
-9.74862041448002 -1.6503020378517155 
-9.74862041448002 -1.6503020378517155 
-9.74862041448002 -1.6503020378517155 
-9.752379812976262 -1.6499488953986723 
-9.752379812976262 -1.6499488953986723 
-9.752379812976262 -1.6499488953986723 
-9.733428788085867 -1.6479065435073443 
-9.73716013136945 -1.6474025179488254 
-9.71078538033731 -1.6355391156842796 
-9.71078538033731 -1.6355391156842796 
-9.645220643841629 -1.633911544110138 
-9.645220643841629 -1.633911544110138 
-9.645220643841629 -1.633911544110138 
-9.546748848428518 -1.6295695121332505 
-9.546748848428518 -1.6295695121332505 
-9.546748848428518 -1.6295695121332505 
-9.675828163592739 -1.6292939818101764 
-9.689609728954172 -1.621512635704359 
-9.5134487421055 -1.619783438610508 
-9.528972846484095 -1.6156747469694432 
-9.528972846484095 -1.6156747469694432 
-9.528972846484095 -1.6156747469694432 
-9.528972846484095 -1.6156747469694432 
-9.528972846484095 -1.6156747469694432 
-9.435377609898516 -1.6006898002055616 
-9.421326689419807 -1.6005110598268848 
-9.441688896335448 -1.5957866142476471 
-9.645855563002115 -1.593960918495068 
-9.645855563002115 -1.593960918495068 
-9.504940186273473 -1.591437557862451 
-9.341160154227943 -1.5838373508207684 
-9.531855011393466 -1.5744089045122533 
-9.392627876747248 -1.5728873038984308 
-9.552958045455023 -1.5723592788555636 
-9.392180831258266 -1.5672175949854634 
-9.428197090654962 -1.5632730403639759 
-9.428197090654962 -1.5632730403639759 
-9.399902616019219 -1.562072044140473 
-9.405575681519204 -1.559565707240338 
-9.405575681519204 -1.559565707240338 
-9.373165760832329 -1.557836090625294 
-9.373165760832329 -1.557836090625294 
-9.373165760832329 -1.557836090625294 
-9.373165760832329 -1.557836090625294 
-9.340995399573462 -1.556455925185265 
-9.348501803467403 -1.529978517012693 
-9.348501803467403 -1.529978517012693 
-9.348501803467403 -1.529978517012693 
-9.384127624601394 -1.5246074206603684 
-9.384127624601394 -1.5246074206603684 
-9.384127624601394 -1.5246074206603684 
-9.384127624601394 -1.5246074206603684 
-9.360669703036962 -1.521318785462342 
-9.308117427813698 -1.5176249324687654 
-9.338052192027959 -1.5167501914398125 
-9.392283887927587 -1.5146645671842744 
-9.400883547031984 -1.5137489369969759 
-9.33298312519534 -1.4999896006298414 
-9.33298312519534 -1.4999896006298414 
-9.290401631052887 -1.4962164797891822 
-9.290401631052887 -1.4962164797891822 
-9.295392035126724 -1.4883042057680296 
-9.295392035126724 -1.4883042057680296 
-9.295392035126724 -1.4883042057680296 
-9.295392035126724 -1.4883042057680296 
-9.295392035126724 -1.4883042057680296 
-9.319841788586373 -1.4840726809968214 
-9.272229215746409 -1.4828064888339947 
-9.272229215746409 -1.4828064888339947 
-9.272229215746409 -1.4828064888339947 
-9.272229215746409 -1.4828064888339947 
-9.272229215746409 -1.4828064888339947 
-9.25822900253706 -1.4813571164998656 
-9.28358295289723 -1.4809804461294382 
-9.28358295289723 -1.4809804461294382 
-9.28358295289723 -1.4809804461294382 
-9.28358295289723 -1.4809804461294382 
-9.269497413805473 -1.4760690118969628 
-9.294971107061102 -1.4735071059304392 
-9.232366007931176 -1.462560075969102 
-9.219372422162639 -1.4597577871729954 
-9.219372422162639 -1.4597577871729954 
-9.219372422162639 -1.4597577871729954 
-9.219372422162639 -1.4597577871729954 
-9.219372422162639 -1.4597577871729954 
-9.214421927113136 -1.4587192495163657 
-9.253348235450638 -1.4538637356129138 
-8.426715790974871 -1.4531832013301105 
-8.426715790974871 -1.4516295770995824 
-8.426715790974871 -1.4516295770995824 
-8.426715790974871 -1.4516295770995824 
-9.219372422162639 -1.446702505903076 
-9.219372422162639 -1.446702505903076 
-8.426715790974871 -1.4401853361266113 
-8.460830628316128 -1.433417420545786 
-8.460830628316128 -1.433417420545786 
-8.444142127232999 -1.4273031254499986 
-8.444142127232999 -1.4273031254499986 
-8.448042604488457 -1.4223626837356156 
-8.448042604488457 -1.4223626837356156 
-8.448042604488457 -1.4223626837356156 
-8.431510687398234 -1.4166581351037997 
-8.431510687398234 -1.4166581351037997 
-8.431510687398234 -1.4166581351037997 
-8.431510687398234 -1.4166581351037997 
-8.44178908537479 -1.414458038889582 
-8.622726233020241 -1.4060548477881425 
-8.528991211645181 -1.4057227351722226 
-8.528991211645181 -1.4057227351722226 
-8.304358662238293 -1.4012212139293059 
-8.64831400122758 -1.3980815677073315 
-8.49118497031494 -1.3911914349969356 
-8.49118497031494 -1.3911914349969356 
-8.606647334560915 -1.3866414509491873 
-8.602683659863366 -1.3839001880740336 
-8.592616470787178 -1.3720139848798398 
-8.5676488011175 -1.3661720017085353 
-8.5676488011175 -1.3661720017085353 
-8.5676488011175 -1.3661720017085353 
-8.5676488011175 -1.3661720017085353 
-8.5676488011175 -1.3661720017085353 
-8.573407673354513 -1.3512209954597894 
-8.573407673354513 -1.3512209954597894 
-8.573407673354513 -1.3512209954597894 
-8.573407673354513 -1.3512209954597894 
-8.573407673354513 -1.3512209954597894 
-8.573407673354513 -1.3512209954597894 
-8.573407673354513 -1.3512209954597894 
-8.573407673354513 -1.3512209954597894 
-8.538447682159955 -1.341447054846157 
-8.538447682159955 -1.341447054846157 
-8.538447682159955 -1.341447054846157 
-8.538447682159955 -1.341447054846157 
-8.69622402754475 -1.3411818015691295 
-8.69622402754475 -1.3411818015691295 
-8.69622402754475 -1.3411818015691295 
-8.6979434429232 -1.335604521213578 
-8.6979434429232 -1.331562728226539 
-8.6979434429232 -1.331562728226539 
-8.6979434429232 -1.331562728226539 
-8.681145092061183 -1.3255414988444194 
-8.681145092061183 -1.3255414988444194 
-8.681145092061183 -1.3255414988444194 
-8.681145092061183 -1.3255414988444194 
-8.70511789336927 -1.3225335941820804 
-8.57990134841397 -1.311282980318206 
-8.542579374147413 -1.3074046465281075 
-8.542579374147413 -1.3074046465281075 
-8.57990134841397 -1.3005588517423772 
-8.551541621083178 -1.300048509269614 
-8.56613587804404 -1.2990928500708003 
-8.56613587804404 -1.2990928500708003 
-8.56613587804404 -1.2990928500708003 
-8.574866215968328 -1.2957129247378898 
-8.574866215968328 -1.2957129247378898 
-8.661253017418005 -1.2898722049274436 
-8.670030947194565 -1.286766181529513 
-8.670030947194565 -1.286766181529513 
-8.702885341590086 -1.2851431262370525 
-8.689460779813789 -1.2839395966455993 
-8.652478775981354 -1.278309225899437 
-8.652478775981354 -1.278309225899437 
-8.652478775981354 -1.278309225899437 
-8.646046814733511 -1.2725873905558556 
-8.646046814733511 -1.2725873905558556 
-8.627038029566979 -1.2684253691376217 
-8.627038029566979 -1.2684253691376217 
-8.627038029566979 -1.2684253691376217 
-8.627038029566979 -1.2684253691376217 
-8.627038029566979 -1.2684253691376217 
-8.627038029566979 -1.2684253691376217 
-8.627038029566979 -1.2684253691376217 
-8.627038029566979 -1.2684253691376217 
-8.627038029566979 -1.2684253691376217 
-8.627038029566979 -1.2684253691376217 
-8.627038029566979 -1.2684253691376217 
-8.627038029566979 -1.2684253691376217 
-8.627038029566979 -1.2684253691376217 
-8.627038029566979 -1.2684253691376217 
-8.627038029566979 -1.2684253691376217 
-8.627038029566979 -1.2684253691376217 
-8.627038029566979 -1.2684253691376217 
-8.627038029566979 -1.2684253691376217 
-8.627038029566979 -1.2684253691376217 
-8.623060766146992 -1.2673375664067676 
-8.623060766146992 -1.2673375664067676 
-8.623060766146992 -1.2673375664067676 
-8.629432652351051 -1.263048584450476 
-8.629432652351051 -1.263048584450476 
-8.629432652351051 -1.263048584450476 
-8.624645207564686 -1.2594677421309328 
-8.624645207564686 -1.2594677421309328 
-8.624645207564686 -1.2594677421309328 
-8.624645207564686 -1.2594677421309328 
-8.667175377733223 -1.2512773626384182 
-8.673676065863685 -1.248253668585193 
-8.673676065863685 -1.2468910147068026 
-8.673676065863685 -1.2468910147068026 
-8.673676065863685 -1.2468910147068026 
-8.673676065863685 -1.2468910147068026 
-8.673676065863685 -1.2468910147068026 
-8.673676065863685 -1.2468910147068026 
-8.673676065863685 -1.2468910147068026 
-8.673676065863685 -1.2468910147068026 
-8.673676065863685 -1.2468910147068026 
-8.673676065863685 -1.2468910147068026 
-8.673676065863685 -1.2468910147068026 
-8.673676065863685 -1.2468910147068026 
-8.673676065863685 -1.2468910147068026 
-8.68614447777374 -1.246470406267608 
-8.68614447777374 -1.246470406267608 
-8.68614447777374 -1.246470406267608 
-8.68614447777374 -1.246470406267608 
-8.68614447777374 -1.246470406267608 
-8.68614447777374 -1.246470406267608 
-8.68614447777374 -1.246470406267608 
-8.68614447777374 -1.246470406267608 
-8.68614447777374 -1.246470406267608 
-8.68614447777374 -1.246470406267608 
-8.68614447777374 -1.246470406267608 
-8.68614447777374 -1.246470406267608 
-8.664440737419907 -1.2442412296510441 
-8.664440737419907 -1.2429789376468572 
-8.664440737419907 -1.2429789376468572 
-8.664440737419907 -1.2429789376468572 
-8.664440737419907 -1.2429789376468572 
-8.664440737419907 -1.2429789376468572 
-8.664440737419907 -1.2429789376468572 
-8.664440737419907 -1.2429789376468572 
-8.6425939356002 -1.2331078098547774 
-8.6425939356002 -1.2331078098547774 
-8.6425939356002 -1.2331078098547774 
-8.6425939356002 -1.2331078098547774 
-8.6425939356002 -1.2331078098547774 
-8.6425939356002 -1.2331078098547774 
-8.6425939356002 -1.2331078098547774 
-8.6425939356002 -1.2331078098547774 
-8.578520364918074 -1.2247383930951923 
-8.67061277890081 -1.224437435753826 
-8.67061277890081 -1.224437435753826 
-8.67061277890081 -1.224437435753826 
-8.604787722198825 -1.2213475766408624 
-8.604787722198825 -1.2213475766408624 
-8.604787722198825 -1.2213475766408624 
-8.682842036312863 -1.206516387096392 
-8.682842036312863 -1.206516387096392 
-8.682842036312863 -1.206516387096392 
-8.682842036312863 -1.206516387096392 
-8.682842036312863 -1.206516387096392 
-8.682842036312863 -1.206516387096392 
-8.682842036312863 -1.206516387096392 
-8.682842036312863 -1.206516387096392 
-8.667666835234511 -1.204985138561575 
-8.667666835234511 -1.204985138561575 
-8.667666835234511 -1.204985138561575 
-8.667666835234511 -1.204985138561575 
-8.667666835234511 -1.204985138561575 
-8.667849805021712 -1.2024354407107154 
-8.630718892135434 -1.19101779516002 
-8.630718892135434 -1.19101779516002 
-8.630718892135434 -1.19101779516002 
-8.630718892135434 -1.19101779516002 
-8.630718892135434 -1.19101779516002 
-8.55822854924244 -1.1846298729291997 
-8.546485596864112 -1.1784468928102114 
-8.546485596864112 -1.1784468928102114 
-8.546485596864112 -1.1784468928102114 
-8.546485596864112 -1.1784468928102114 
-8.546485596864112 -1.1784468928102114 
-8.546485596864112 -1.1784468928102114 
-8.560934750662938 -1.1781880241538731 
-8.547901354562953 -1.1750346120597444 
-8.547901354562953 -1.1750346120597444 
-8.547901354562953 -1.1750346120597444 
-8.564698186761124 -1.1718697274746719 
-8.564698186761124 -1.1718697274746719 
-8.564698186761124 -1.1718697274746719 
-8.564698186761124 -1.1718697274746719 
-8.564698186761124 -1.1718697274746719 
-8.564410439151569 -1.1662862801773524 
-8.564410439151569 -1.1662862801773524 
-8.564410439151569 -1.1662862801773524 
-8.564410439151569 -1.1662862801773524 
-8.564410439151569 -1.1662862801773524 
-8.564410439151569 -1.1662862801773524 
-8.564410439151569 -1.1662862801773524 
-8.564410439151569 -1.1662862801773524 
-8.564410439151569 -1.1662862801773524 
-8.536343300976705 -1.1589790056670735 
-8.55897177193916 -1.157131158084379 
-8.55897177193916 -1.157131158084379 
-8.55897177193916 -1.157131158084379 
-8.55897177193916 -1.157131158084379 
-8.55897177193916 -1.157131158084379 
-8.55897177193916 -1.157131158084379 
-8.55897177193916 -1.157131158084379 
-8.55897177193916 -1.157131158084379 
-8.55897177193916 -1.157131158084379 
-8.55897177193916 -1.157131158084379 
-8.542004361259472 -1.1487280400208641 
-8.542004361259472 -1.1487280400208641 
-8.542004361259472 -1.1487280400208641 
-8.542004361259472 -1.1487280400208641 
-8.529460295633012 -1.148396207545651 
-8.516425251245817 -1.1443142377851272 
-8.516425251245817 -1.1443142377851272 
-8.516425251245817 -1.1443142377851272 
-8.516425251245817 -1.1443142377851272 
-8.488446951466436 -1.1419460043864562 
-8.488446951466436 -1.1419460043864562 
-8.488446951466436 -1.1419460043864562 
-8.490400594835128 -1.1386691222728071 
-8.490400594835128 -1.1386691222728071 
-8.477209280174776 -1.1340761563918438 
-8.477209280174776 -1.1340761563918438 
-8.464658843346696 -1.1334148438639335 
-8.464658843346696 -1.1334148438639335 
-8.464658843346696 -1.1334148438639335 
-8.453664323472129 -1.130497309268022 
-8.453664323472129 -1.130497309268022 
-8.453664323472129 -1.130497309268022 
-8.453664323472129 -1.130497309268022 
-8.473099967178532 -1.1300828839441177 
-8.473099967178532 -1.1300828839441177 
-8.465796336809447 -1.1263244502833956 
-8.465796336809447 -1.1263244502833956 
-8.465796336809447 -1.12034025897152 
-8.465796336809447 -1.12034025897152 
-8.449810836047817 -1.1171980272678024 
-8.449810836047817 -1.1171980272678024 
-8.449810836047817 -1.1171980272678024 
-8.462020477082696 -1.1132918243455787 
-8.462020477082696 -1.1132918243455787 
-8.435459669512404 -1.1112433909778467 
-8.435459669512404 -1.1112433909778467 
-8.435459669512404 -1.1112433909778467 
-8.435459669512404 -1.1112433909778467 
-8.435459669512404 -1.1112433909778467 
-8.435459669512404 -1.1112433909778467 
-8.435459669512404 -1.1112433909778467 
-8.435459669512404 -1.1112433909778467 
-8.435459669512404 -1.1112433909778467 
-8.435459669512404 -1.1112433909778467 
-8.435459669512404 -1.1112433909778467 
-8.435459669512404 -1.1112433909778467 
-8.435459669512404 -1.1112433909778467 
-8.408425927000408 -1.1070367477973617 
-8.408425927000408 -1.1070367477973617 
-8.408425927000408 -1.1070367477973617 
-8.408425927000408 -1.1070367477973617 
-8.408425927000408 -1.1070367477973617 
-8.408425927000408 -1.1070367477973617 
-8.408425927000408 -1.1070367477973617 
-8.408425927000408 -1.1070367477973617 
-8.408425927000408 -1.1070367477973617 
-8.408425927000408 -1.1070367477973617 
-8.408425927000408 -1.1070367477973617 
-8.408425927000408 -1.1070367477973617 
-8.408425927000408 -1.1070367477973617 
-8.408425927000408 -1.1070367477973617 
-8.408425927000408 -1.1070367477973617 
-8.408425927000408 -1.1070367477973617 
-8.408425927000408 -1.1070367477973617 
-8.408425927000408 -1.1070367477973617 
-8.408425927000408 -1.1070367477973617 
-8.408425927000408 -1.1070367477973617 
-8.408425927000408 -1.1070367477973617 
-8.408425927000408 -1.1070367477973617 
-8.408425927000408 -1.1070367477973617 
-8.408425927000408 -1.1070367477973617 
-8.477648785968395 -1.104653784796244 
-8.477648785968395 -1.104653784796244 
-8.477648785968395 -1.104653784796244 
-8.477648785968395 -1.104653784796244 
-8.477648785968395 -1.104653784796244 
-8.477648785968395 -1.104653784796244 
-8.477885649968652 -1.1000574433120442 
-8.477885649968652 -1.1000574433120442 
-8.477885649968652 -1.1000574433120442 
-8.477885649968652 -1.1000574433120442 
-8.477885649968652 -1.1000574433120442 
-8.477885649968652 -1.1000574433120442 
-8.477885649968652 -1.1000574433120442 
-8.477885649968652 -1.1000574433120442 
-8.477885649968652 -1.1000574433120442 
-8.477885649968652 -1.1000574433120442 
-8.477885649968652 -1.1000574433120442 
-8.477885649968652 -1.1000574433120442 
-8.413455424556126 -1.092048211079595 
-8.413455424556126 -1.092048211079595 
-8.413455424556126 -1.092048211079595 
-8.413455424556126 -1.092048211079595 
-8.413455424556126 -1.092048211079595 
-8.413455424556126 -1.092048211079595 
-8.413455424556126 -1.092048211079595 
-8.413455424556126 -1.092048211079595 
-8.413455424556126 -1.092048211079595 
-8.413455424556126 -1.092048211079595 
-8.413455424556126 -1.092048211079595 
-8.413455424556126 -1.092048211079595 
-8.413455424556126 -1.092048211079595 
-8.468983195623977 -1.0904776747347118 
-8.317442854924796 -1.090260073014709 
-8.317442854924796 -1.090260073014709 
-8.261915083856945 -1.0872304067082483 
-8.261915083856945 -1.0872304067082483 
-8.246536232636933 -1.085618076202982 
-8.150624673106613 -1.0819088402393768 
-8.150624673106613 -1.0819088402393768 
-8.150624673106613 -1.0819088402393768 
-8.150624673106613 -1.0819088402393768 
-8.150624673106613 -1.0819088402393768 
-8.150624673106613 -1.0819088402393768 
-8.150624673106613 -1.0819088402393768 
-8.150624673106613 -1.0819088402393768 
-8.150624673106613 -1.0819088402393768 
-8.150624673106613 -1.0819088402393768 
-8.150624673106613 -1.0819088402393768 
-8.150624673106613 -1.0819088402393768 
-8.150624673106613 -1.0819088402393768 
-8.150624673106613 -1.0819088402393768 
-8.150624673106613 -1.0819088402393768 
-8.182214294847808 -1.0816310182557873 
-8.182214294847808 -1.0816310182557873 
-8.182214294847808 -1.0816310182557873 
-8.182214294847808 -1.0816310182557873 
-8.182214294847808 -1.0816310182557873 
-8.182214294847808 -1.0816310182557873 
-8.182214294847808 -1.0816310182557873 
-8.182214294847808 -1.0816310182557873 
-8.182214294847808 -1.0816310182557873 
-8.182214294847808 -1.0816310182557873 
-8.195516906214936 -1.0794479106831156 
-8.195516906214936 -1.0794479106831156 
-8.166820528065879 -1.0775807113582587 
-8.166820528065879 -1.0775807113582587 
-8.166820528065879 -1.0775807113582587 
-8.166820528065879 -1.0775807113582587 
-8.18636820531969 -1.0768229856488771 
-8.18636820531969 -1.0768229856488771 
-8.18636820531969 -1.0768229856488771 
-8.18636820531969 -1.0768229856488771 
-8.18636820531969 -1.0768229856488771 
-8.18636820531969 -1.0768229856488771 
-8.18636820531969 -1.0768229856488771 
-8.323070323528318 -1.0748284884861037 
-8.323070323528318 -1.0748284884861037 
-8.323070323528318 -1.0748284884861037 
-8.323070323528318 -1.0748284884861037 
-8.323070323528318 -1.0748284884861037 
-8.323070323528318 -1.0748284884861037 
-8.323070323528318 -1.0748284884861037 
-8.323070323528318 -1.0748284884861037 
-8.295582590769937 -1.07220931900806 
-8.295582590769937 -1.07220931900806 
-8.295582590769937 -1.07220931900806 
-8.295582590769937 -1.07220931900806 
-8.295582590769937 -1.07220931900806 
-8.295582590769937 -1.07220931900806 
-8.295582590769937 -1.07220931900806 
-8.295582590769937 -1.07220931900806 
-8.295582590769937 -1.07220931900806 
-8.266438053713184 -1.0657427527428796 
-8.266438053713184 -1.0657427527428796 
-8.266438053713184 -1.0657427527428796 
-8.266438053713184 -1.0657427527428796 
-8.266438053713184 -1.0657427527428796 
-8.263428047166318 -1.060168803277349 
-8.263428047166318 -1.060168803277349 
-8.263428047166318 -1.060168803277349 
-8.247249580506853 -1.0559729644082176 
-8.247249580506853 -1.0559729644082176 
-8.247249580506853 -1.0559729644082176 
-8.247249580506853 -1.0559729644082176 
-8.247249580506853 -1.0559729644082176 
-8.247249580506853 -1.0559729644082176 
-8.194241185422806 -1.0446197420800152 
-8.194241185422806 -1.0446197420800152 
-8.194241185422806 -1.0446197420800152 
-8.194241185422806 -1.0446197420800152 
-8.194241185422806 -1.0446197420800152 
-8.194241185422806 -1.0446197420800152 
-8.194241185422806 -1.0446197420800152 
-8.194241185422806 -1.0446197420800152 
-8.194241185422806 -1.0446197420800152 
-8.194241185422806 -1.0446197420800152 
-8.194241185422806 -1.0446197420800152 
-8.194241185422806 -1.0446197420800152 
-8.194241185422806 -1.0446197420800152 
-8.194241185422806 -1.0446197420800152 
-8.194241185422806 -1.0446197420800152 
-8.194241185422806 -1.0446197420800152 
-8.194241185422806 -1.0446197420800152 
-8.194241185422806 -1.0446197420800152 
-8.194241185422806 -1.0446197420800152 
-8.194241185422806 -1.0446197420800152 
-8.194241185422806 -1.0446197420800152 
-8.194241185422806 -1.0446197420800152 
-8.194241185422806 -1.0446197420800152 
-8.215747649629773 -1.0434355637623822 
-8.215747649629773 -1.0434355637623822 
-8.215747649629773 -1.0434355637623822 
-8.215747649629773 -1.0434355637623822 
-8.215747649629773 -1.0434355637623822 
-8.215747649629773 -1.0434355637623822 
-8.215747649629773 -1.0434355637623822 
-8.215747649629773 -1.0434355637623822 
-8.215747649629773 -1.0434355637623822 
-8.215747649629773 -1.0434355637623822 
-8.215747649629773 -1.0434355637623822 
-8.215747649629773 -1.0434355637623822 
-8.215747649629773 -1.0434355637623822 
-8.201214043015348 -1.0391343254605387 
-8.201214043015348 -1.0391343254605387 
-8.201214043015348 -1.0391343254605387 
-8.201214043015348 -1.0391343254605387 
-8.201214043015348 -1.0391343254605387 
-8.201214043015348 -1.0391343254605387 
-8.201214043015348 -1.0391343254605387 
-8.201214043015348 -1.0391343254605387 
-8.201214043015348 -1.0391343254605387 
-8.201214043015348 -1.0391343254605387 
-8.206853180576816 -1.0364386597251813 
-8.206853180576816 -1.0364386597251813 
-8.206853180576816 -1.0364386597251813 
-8.206853180576816 -1.0364386597251813 
-8.206853180576816 -1.0364386597251813 
-8.206853180576816 -1.0364386597251813 
-8.206853180576816 -1.0364386597251813 
-8.206853180576816 -1.0364386597251813 
-8.206853180576816 -1.0364386597251813 
-8.206853180576816 -1.0364386597251813 
-8.206853180576816 -1.0364386597251813 
-8.203300136634333 -1.0347317503394946 
-8.203300136634333 -1.0347317503394946 
-8.203300136634333 -1.0347317503394946 
-8.203300136634333 -1.0347317503394946 
-8.203300136634333 -1.0347317503394946 
-8.203300136634333 -1.0347317503394946 
-8.203300136634333 -1.0347317503394946 
-8.203300136634333 -1.0347317503394946 
-8.203300136634333 -1.0347317503394946 
-8.203300136634333 -1.0347317503394946 
-8.203300136634333 -1.0347317503394946 
-8.203300136634333 -1.0347317503394946 
-8.203300136634333 -1.0347317503394946 
-8.203300136634333 -1.0347317503394946 
-8.203300136634333 -1.0347317503394946 
-8.203300136634333 -1.0347317503394946 
-8.203300136634333 -1.0347317503394946 
-8.203300136634333 -1.0347317503394946 
-8.203300136634333 -1.0347317503394946 
-8.203300136634333 -1.0347317503394946 
-8.203300136634333 -1.0347317503394946 
-8.203300136634333 -1.0347317503394946 
-8.180904324394952 -1.033450703493606 
-8.188957839841926 -1.0326797099603038 
-8.188957839841926 -1.0326797099603038 
-8.188957839841926 -1.0326797099603038 
-8.188957839841926 -1.0326797099603038 
-8.188957839841926 -1.0326797099603038 
-8.188957839841926 -1.0326797099603038 
-8.188957839841926 -1.0326797099603038 
-8.188957839841926 -1.0326797099603038 
-9.019268978134106 -1.0307739105464369 
-9.019268978134106 -1.0307739105464369 
-9.019268978134106 -1.0307739105464369 
-9.019268978134106 -1.0307739105464369 
-9.019268978134106 -1.0307739105464369 
-9.019268978134106 -1.0307739105464369 
-9.019268978134106 -1.0307739105464369 
-9.019268978134106 -1.0307739105464369 
-9.019268978134106 -1.0307739105464369 
-9.019268978134106 -1.0307739105464369 
-9.019268978134106 -1.0307739105464369 
-9.019268978134106 -1.0307739105464369 
-9.019268978134106 -1.0307739105464369 
-9.019268978134106 -1.0307739105464369 
-9.019268978134106 -1.0307739105464369 
-9.019268978134106 -1.0307739105464369 
-9.019268978134106 -1.0307739105464369 
-9.019268978134106 -1.0307739105464369 
-9.019268978134106 -1.0307739105464369 
-9.019268978134106 -1.0307739105464369 
-9.019268978134106 -1.0307739105464369 
-9.019268978134106 -1.0307739105464369 
-9.019268978134106 -1.0307739105464369 
-9.019268978134106 -1.0307739105464369 
-8.992039251284723 -1.026720248938456 
-8.992039251284723 -1.026720248938456 
-8.992039251284723 -1.026720248938456 
-8.992039251284723 -1.026720248938456 
-8.979820412344468 -1.0159111447843947 
-8.979820412344468 -1.0159111447843947 
-8.979820412344468 -1.0159111447843947 
-8.979820412344468 -1.0159111447843947 
-8.979820412344468 -1.0159111447843947 
-8.979820412344468 -1.0159111447843947 
-8.979820412344468 -1.0159111447843947 
-8.979820412344468 -1.0159111447843947 
-8.979820412344468 -1.0159111447843947 
-8.979820412344468 -1.0159111447843947 
-8.979820412344468 -1.0159111447843947 
-8.979820412344468 -1.0159111447843947 
-8.979820412344468 -1.0159111447843947 
-8.979820412344468 -1.0159111447843947 
-8.979820412344468 -1.0159111447843947 
-8.979820412344468 -1.0159111447843947 
-8.979820412344468 -1.0159111447843947 
-8.979820412344468 -1.0159111447843947 
-8.979820412344468 -1.0159111447843947 
-8.979820412344468 -1.0159111447843947 
-8.979820412344468 -1.0159111447843947 
-8.979820412344468 -1.0159111447843947 
-8.979820412344468 -1.0159111447843947 
-8.979820412344468 -1.0159111447843947 
-8.979820412344468 -1.0159111447843947 
-8.979820412344468 -1.0159111447843947 
-8.979820412344468 -1.0159111447843947 
-8.979820412344468 -1.0159111447843947 
-8.979820412344468 -1.0159111447843947 
-8.979820412344468 -1.0159111447843947 
-8.979820412344468 -1.0159111447843947 
-8.979820412344468 -1.0159111447843947 
-8.979820412344468 -1.0159111447843947 
-8.979820412344468 -1.0159111447843947 
-8.979820412344468 -1.0159111447843947 
-8.979820412344468 -1.0159111447843947 
-8.979820412344468 -1.0159111447843947 
-8.979820412344468 -1.0159111447843947 
-8.979820412344468 -1.0159111447843947 
-8.979820412344468 -1.0159111447843947 
-8.979820412344468 -1.0159111447843947 
-8.979820412344468 -1.0159111447843947 
-8.979820412344468 -1.0159111447843947 
-8.979820412344468 -1.0159111447843947 
-8.979820412344468 -1.0159111447843947 
-8.979820412344468 -1.0159111447843947 
-8.979820412344468 -1.0159111447843947 
-8.979820412344468 -1.0159111447843947 
-8.979820412344468 -1.0159111447843947 
-8.979820412344468 -1.0159111447843947 
-8.979820412344468 -1.0159111447843947 
-8.979820412344468 -1.0159111447843947 
-8.979820412344468 -1.0159111447843947 
-8.979820412344468 -1.0159111447843947 
-8.979820412344468 -1.0159111447843947 
-8.979820412344468 -1.0159111447843947 
-8.979820412344468 -1.0159111447843947 
-8.979820412344468 -1.0159111447843947 
-8.979820412344468 -1.0159111447843947 
-8.979820412344468 -1.0159111447843947 
-8.979820412344468 -1.0159111447843947 
-8.98726349496819 -1.0099273204242907 
-8.98726349496819 -1.0099273204242907 
-8.98726349496819 -1.0099273204242907 
-8.98726349496819 -1.0099273204242907 
-8.98726349496819 -1.0099273204242907 
-8.98726349496819 -1.0099273204242907 
-8.98726349496819 -1.0099273204242907 
-8.98726349496819 -1.0099273204242907 
-8.98726349496819 -1.0099273204242907 
-8.98726349496819 -1.0099273204242907 
-8.98726349496819 -1.0099273204242907 
-8.98726349496819 -1.0099273204242907 
-8.98726349496819 -1.0099273204242907 
-8.98726349496819 -1.0099273204242907 
-8.98726349496819 -1.0099273204242907 
-8.98726349496819 -1.0099273204242907 
-8.98726349496819 -1.0099273204242907 
-8.98726349496819 -1.0099273204242907 
-8.98726349496819 -1.0099273204242907 
-8.98726349496819 -1.0099273204242907 
-8.98726349496819 -1.0099273204242907 
-8.98726349496819 -1.0099273204242907 
-8.98726349496819 -1.0099273204242907 
-8.98726349496819 -1.0099273204242907 
-9.024474555735868 -1.0099093643488999 
-9.024474555735868 -1.0099093643488999 
-9.024474555735868 -1.0099093643488999 
-9.024474555735868 -1.0099093643488999 
-9.024474555735868 -1.0099093643488999 
-9.024474555735868 -1.0099093643488999 
-9.024474555735868 -1.0099093643488999 
-9.024474555735868 -1.0099093643488999 
-9.024474555735868 -1.0099093643488999 
-9.024474555735868 -1.0099093643488999 
-9.024474555735868 -1.0099093643488999 
-9.024474555735868 -1.0099093643488999 
-9.024474555735868 -1.0099093643488999 
-9.024474555735868 -1.0099093643488999 
-9.024474555735868 -1.0099093643488999 
-9.024474555735868 -1.0099093643488999 
-9.024474555735868 -1.0099093643488999 
-8.980191528315995 -1.0052013043801868 
-8.980191528315995 -1.0052013043801868 
-8.980191528315995 -1.0052013043801868 
-8.980191528315995 -1.0052013043801868 
-8.980191528315995 -1.0052013043801868 
-8.980191528315995 -1.0052013043801868 
-8.980191528315995 -1.0052013043801868 
-8.980191528315995 -1.0052013043801868 
-8.980191528315995 -1.0052013043801868 
-8.980191528315995 -1.0052013043801868 
-8.980191528315995 -1.0052013043801868 
-8.980191528315995 -1.0052013043801868 
-8.980191528315995 -1.0052013043801868 
-8.980191528315995 -1.0052013043801868 
-8.980191528315995 -1.0052013043801868 
-8.980191528315995 -1.0052013043801868 
-8.980191528315995 -1.0052013043801868 
-8.980191528315995 -1.0052013043801868 
-8.980191528315995 -1.0052013043801868 
-8.980191528315995 -1.0052013043801868 
-8.980191528315995 -1.0052013043801868 
-8.980191528315995 -1.0052013043801868 
-8.980191528315995 -1.0052013043801868 
-8.980191528315995 -1.0052013043801868 
-8.980191528315995 -1.0052013043801868 
-8.980191528315995 -1.0052013043801868 
-8.980191528315995 -1.0052013043801868 
-8.980191528315995 -1.0052013043801868 
-8.980191528315995 -1.0052013043801868 
-8.980191528315995 -1.0052013043801868 
-8.980191528315995 -1.0052013043801868 
-8.980191528315995 -1.0052013043801868 
-8.980191528315995 -1.0052013043801868 
-8.980191528315995 -1.0052013043801868 
-8.980191528315995 -1.0052013043801868 
-8.980191528315995 -1.0052013043801868 
-8.980191528315995 -1.0052013043801868 
-8.980191528315995 -1.0052013043801868 
-8.980191528315995 -1.0052013043801868 
-8.980191528315995 -1.0052013043801868 
-8.980191528315995 -1.0052013043801868 
-8.980191528315995 -1.0052013043801868 
-8.980191528315995 -1.0052013043801868 
-8.980191528315995 -1.0052013043801868 
-8.980191528315995 -1.0052013043801868 
-8.980191528315995 -1.0052013043801868 
-8.97236287851905 -1.0027523206192672 
-8.97236287851905 -1.0027523206192672 
-8.97236287851905 -1.0027523206192672 
-8.97236287851905 -1.0027523206192672 
-8.97236287851905 -1.0027523206192672 
-8.97236287851905 -1.0027523206192672 
-8.97236287851905 -1.0027523206192672 
-8.97236287851905 -1.0027523206192672 
-8.97236287851905 -1.0027523206192672 
-8.97236287851905 -1.0027523206192672 
-8.97236287851905 -1.0027523206192672 
-8.97236287851905 -1.0027523206192672 
-8.97236287851905 -1.0027523206192672 
-8.97236287851905 -1.0027523206192672 
-8.97236287851905 -1.0027523206192672 
-8.97236287851905 -1.0027523206192672 
-8.97236287851905 -1.0027523206192672 
-8.97236287851905 -1.0027523206192672 
-8.97236287851905 -1.0027523206192672 
-8.97236287851905 -1.0027523206192672 
-8.97236287851905 -1.0027523206192672 
-8.97236287851905 -1.0027523206192672 
-8.97236287851905 -1.0027523206192672 
-8.97236287851905 -1.0027523206192672 
-8.97236287851905 -1.0027523206192672 
-8.97236287851905 -1.0027523206192672 
-8.97236287851905 -1.0027523206192672 
-8.97236287851905 -1.0027523206192672 
-8.97236287851905 -1.0027523206192672 
-8.149128485024118 -1.0027286042796482 
-8.149128485024118 -1.0027286042796482 
-8.149128485024118 -1.0027286042796482 
-8.149128485024118 -1.0027286042796482 
-8.149128485024118 -1.0027286042796482 
-8.149128485024118 -1.0027286042796482 
-8.193598430996264 -0.9953328096298364 
-8.193598430996264 -0.9953328096298364 
-8.193598430996264 -0.9953328096298364 
-8.193598430996264 -0.9953328096298364 
-8.193598430996264 -0.9953328096298364 
-8.193598430996264 -0.9953328096298364 
-8.193598430996264 -0.9953328096298364 
-8.193598430996264 -0.9953328096298364 
-8.193598430996264 -0.9953328096298364 
-8.193598430996264 -0.9953328096298364 
-8.193598430996264 -0.9953328096298364 
-8.22902085096591 -0.9947271136991922 
-8.106916647892639 -0.9945453053410074 
-8.106916647892639 -0.9935739922557132 
-8.200167320072175 -0.9890154802171183 
-8.11392862415799 -0.9849396174129412 
-8.11392862415799 -0.9849396174129412 
-8.11392862415799 -0.9849396174129412 
-8.11392862415799 -0.9849396174129412 
-8.11392862415799 -0.9849396174129412 
-8.11392862415799 -0.9849396174129412 
-8.11392862415799 -0.9849396174129412 
-8.11392862415799 -0.9849396174129412 
-8.11392862415799 -0.9849396174129412 
-8.129703331551731 -0.9797346715602575 
-8.129703331551731 -0.9797346715602575 
-8.129703331551731 -0.9797346715602575 
-8.107924091922722 -0.9768509560772951 
-8.107924091922722 -0.9768509560772951 
-8.107924091922722 -0.9768509560772951 
-8.107924091922722 -0.9768509560772951 
-8.107924091922722 -0.9768509560772951 
-8.107924091922722 -0.9768509560772951 
-8.107924091922722 -0.9768509560772951 
-8.107924091922722 -0.9768509560772951 
-8.107924091922722 -0.9768509560772951 
-8.107924091922722 -0.9768509560772951 
-8.107924091922722 -0.9768509560772951 
-8.107924091922722 -0.9768509560772951 
-8.107924091922722 -0.9768509560772951 
-8.107924091922722 -0.9768509560772951 
-8.107924091922722 -0.9768509560772951 
-8.107924091922722 -0.9768509560772951 
-8.107924091922722 -0.9768509560772951 
-8.107924091922722 -0.9768509560772951 
-8.107924091922722 -0.9768509560772951 
-8.107924091922722 -0.9768509560772951 
-8.107924091922722 -0.9768509560772951 
-8.107924091922722 -0.9768509560772951 
-8.107924091922722 -0.9768509560772951 
-8.107924091922722 -0.9768509560772951 
-8.107924091922722 -0.9768509560772951 
-8.107924091922722 -0.9768509560772951 
-8.107924091922722 -0.9768509560772951 
-8.107924091922722 -0.9768509560772951 
-8.107924091922722 -0.9768509560772951 
-8.107924091922722 -0.9768509560772951 
-8.107924091922722 -0.9768509560772951 
-8.107924091922722 -0.9768509560772951 
-8.114706235870045 -0.9747121259388132 
-8.114706235870045 -0.9747121259388132 
-8.114706235870045 -0.9747121259388132 
-8.114706235870045 -0.9747121259388132 
-8.114706235870045 -0.9747121259388132 
-8.114706235870045 -0.9747121259388132 
-8.114706235870045 -0.9747121259388132 
-8.114706235870045 -0.9747121259388132 
-8.114706235870045 -0.9747121259388132 
-8.114706235870045 -0.9747121259388132 
-8.114706235870045 -0.9747121259388132 
-8.114706235870045 -0.9747121259388132 
-8.114706235870045 -0.9747121259388132 
-8.114706235870045 -0.9747121259388132 
-8.095807562618692 -0.9734763703449698 
-8.095807562618692 -0.9734763703449698 
-8.095807562618692 -0.9734763703449698 
-8.095807562618692 -0.9734763703449698 
-8.095807562618692 -0.9734763703449698 
-8.095807562618692 -0.9734763703449698 
-8.095807562618692 -0.9734763703449698 
-8.095807562618692 -0.9734763703449698 
-8.095807562618692 -0.9734763703449698 
-8.095807562618692 -0.9734763703449698 
-8.095807562618692 -0.9734763703449698 
-8.095807562618692 -0.9734763703449698 
-8.095807562618692 -0.9734763703449698 
-8.095807562618692 -0.9734763703449698 
-8.095807562618692 -0.9734763703449698 
-8.095807562618692 -0.9734763703449698 
-8.095969863115815 -0.9725053181366117 
