-8.797469617003603 -4.4331149099519305 
-8.263972187759673 -4.452156023377137 
-7.954882023495801 -4.383164818152002 
-7.659110285559407 -4.2751847924405455 
-7.216427465766197 -4.248645215183952 
-6.978358479352322 -4.278271392172968 
-6.767842195826638 -4.307978771246874 
-6.553848237725247 -4.222154519859382 
-6.405240023531255 -4.3306406724776725 
-6.203847110171347 -4.205029545717569 
-6.052886507380703 -4.234329341475006 
-5.931388157776593 -4.203106909853514 
-5.779276977252827 -4.190027053416009 
-5.609914512553532 -4.195227906173042 
-5.473927764276388 -4.123660110841336 
-5.368502764033521 -4.11904295881812 
-5.223940112569549 -4.1447984744453805 
-5.120869468078229 -4.091591679995436 
-4.996554184362908 -4.061375616163889 
-4.901543349854854 -4.1140816726550415 
-4.822520489115063 -4.122938563318995 
-4.704691133604444 -4.167752612851008 
-4.603392450796393 -4.1271420500046965 
-4.525633971664461 -4.104045082926725 
-4.408176648237972 -4.04541502290437 
-4.307311774720067 -3.9959495702128196 
-4.240835667835583 -4.051815685418138 
-4.143899772516473 -4.024648877918321 
-4.051013410736594 -4.031205552131524 
-3.973642569019683 -3.9796898218707195 
-3.89510708633792 -4.052339914397376 
-3.8071296324150428 -4.024834226598806 
-3.7546200341953027 -4.008126259901195 
-3.698081040775836 -4.027799475822233 
-3.634661242755759 -3.932619011388699 
-3.5799223517689738 -4.012877413367593 
-3.5129741049027445 -4.01513332311268 
-3.440926923659785 -3.9953529209360807 
-3.4003129946979365 -4.006171529320551 
-3.3345099961717546 -4.011959954498693 
-3.2463672336474976 -3.9964874873975544 
-3.190358761293581 -3.9700080195697494 
-3.1251026983622228 -3.9975555633335964 
-3.069565879281759 -3.9355307895382174 
-3.033223244629582 -3.9702146868466244 
-2.9858140449635697 -3.950443046668417 
-2.9406404664672707 -3.930009007136611 
-2.8888160775949916 -3.9414200402831825 
-2.855515617670074 -3.9440630428036014 
-2.825651391256633 -3.97687197753205 
-2.7778445513543213 -3.9195833985124535 
-2.7529235662749825 -3.9163474043924293 
-2.717805791950687 -3.95248883257568 
-2.6816068787878957 -3.918161933384848 
-2.6614604010684833 -3.9135608416287413 
-2.6324058359516034 -3.9172008006854155 
-2.600940490429254 -3.8979511749033873 
-2.575762644284153 -3.8958261559087153 
-2.543254110593959 -3.908821065208214 
-2.5203967511932466 -3.9100142515148137 
-2.491111034409957 -3.9358806427220596 
-2.458942836319558 -3.934027664608793 
-2.4421709327148777 -3.913539734621164 
-2.4131515094336256 -3.906186145320976 
-2.3682005228551755 -3.871347081840325 
-2.3369336904722062 -3.896802044108602 
-2.321899418612936 -3.8599268457597895 
-2.3017565641054674 -3.872205908741079 
-2.2797316862547317 -3.838455989653754 
-2.2540898548739428 -3.865167485336267 
-2.225152611209679 -3.83038748432322 
-2.199475345572022 -3.8374451846498494 
-2.1820770979119892 -3.836291068820163 
-2.1587040424830013 -3.8269368742773833 
-2.130412775980489 -3.8512019156341473 
-2.1157241736156718 -3.8488136146453504 
-2.0961128977498906 -3.856269263831071 
-2.0776363110859974 -3.842093021136563 
-2.0570050705680374 -3.8141602313905083 
-2.0384945871765403 -3.796460561861056 
-2.023225766359343 -3.7961778058634565 
-2.0070973363772553 -3.8009635183209665 
-1.9888645379634804 -3.7969791050690107 
-1.9703578149746377 -3.793045618739414 
-1.957205847684234 -3.787010339504956 
-1.9298763402356374 -3.768173994284096 
-1.9078832496681397 -3.797852107702456 
-1.8865496333270446 -3.8010160223025493 
-1.8703939943543566 -3.784729583905131 
-1.852772612710115 -3.754454850799762 
-1.8369726790161016 -3.7573524306986235 
-1.8186379812358915 -3.746341794628877 
-1.8070764196588385 -3.7528440909551857 
-1.7980520954252657 -3.753876187437596 
-1.7923592637333996 -3.748703823272991 
-1.7849289635728005 -3.7707333186846514 
-1.771550076681066 -3.7526428025066974 
-1.7514321559336974 -3.7790176753399845 
-1.741065986398434 -3.7693904546378234 
-1.72994171263786 -3.7556785985201167 
-1.7105180035153027 -3.718342534151538 
-1.6978564770872062 -3.7117637378742603 
-1.6804234700207585 -3.730888732992433 
-1.6634205916833895 -3.7430272439412735 
-1.6566265250400445 -3.7333505290738906 
-1.6449480934596468 -3.7074300794145527 
-1.638229137376956 -3.7072449093779087 
-1.614748531423867 -3.691695135590706 
-1.6108376818504844 -3.6850451726976208 
-1.5960413016457073 -3.6855461115176653 
-1.5889355789286541 -3.686189223911929 
-1.576296403763736 -3.688762036934957 
-1.5595632798290424 -3.688468979378271 
-1.5560747733756906 -3.6819125551901895 
-1.541988035735827 -3.708469402441237 
-1.533579010364886 -3.704636370386773 
-1.521418824951925 -3.6981614275088632 
-1.5165663794570596 -3.7115895738632165 
-1.505441923327431 -3.7000080241277136 
-1.5038895008077775 -3.7061307562819414 
-1.4934752043217212 -3.713902598656799 
-1.48201327284914 -3.710751186127871 
-1.476161187386262 -3.7054490289565294 
-1.4638011548980203 -3.705534450817025 
-1.4569008897121025 -3.6911961974581615 
-1.4493459955430033 -3.6908405713119086 
-1.440463156556407 -3.6903766955346655 
-1.43551731207332 -3.6901698054208985 
-1.428228250290903 -3.6625416404684783 
-1.419021542182055 -3.6628220768826223 
-1.4116638629167828 -3.65642314317609 
-1.4009417545420109 -3.6675484073390794 
-1.3953211834462858 -3.681078839030374 
-1.381885041047919 -3.6747094053225537 
-1.3740593789526092 -3.6668771817640304 
-1.3698430709025955 -3.6692407970751972 
-1.3614159148041995 -3.6472403551669115 
-1.3536023675708488 -3.621500273108397 
-1.349050840220984 -3.6156545160185485 
-1.3408666140388603 -3.6150499206739615 
-1.3343299551355852 -3.617965118298216 
-1.327574803365237 -3.595136253314014 
-1.3216797451632247 -3.600834289326332 
-1.3179473603052003 -3.6071163031645184 
-1.3068552045384692 -3.5965511608874725 
-1.2988303947895588 -3.5939442518307936 
-1.2867545998701788 -3.603208288103497 
-1.2832224662945462 -3.5951689500169994 
-1.28005683018996 -3.589046421655021 
-1.274473228530401 -3.5967961943251003 
-1.2709631807328625 -3.5842802574035972 
-1.2679740510380946 -3.5829939217012328 
-1.263737199511131 -3.5703269636185775 
-1.258196634677947 -3.5583010681053526 
-1.2553842170037415 -3.564604479299939 
-1.2535518963363947 -3.554172019338063 
-1.2493042716459106 -3.542110087245814 
-1.2454458395737127 -3.5395306711397225 
-1.2395301695941823 -3.551226681113894 
-1.2320400482052651 -3.552877922473279 
-1.22991526086575 -3.5385346739280426 
-1.2258373099441806 -3.5471793475547737 
-1.2205754270006333 -3.546352909632766 
-1.218387956216754 -3.5545998665869933 
-1.214408999769986 -3.5367433275089226 
-1.2099143906107381 -3.5350949661502296 
-1.2070540348199386 -3.5260807487770647 
-1.1976990859031806 -3.519966444163023 
-1.1914544496461847 -3.5193926295524234 
-1.1891874729275695 -3.5198331844578874 
-1.178598348425293 -3.530372617915036 
-1.1749874176503536 -3.535452476721888 
-1.1706691410183157 -3.5443621474241254 
-1.1697103594993428 -3.53323757512342 
-1.165881654612187 -3.5275540421215874 
-1.1594119821798072 -3.5218988137141167 
-1.1492916146045762 -3.5140635779514464 
-1.1426160735070976 -3.520104277538809 
-1.1415813722064632 -3.509767762905915 
-1.1317862290556397 -3.5047909402066915 
-1.1294650196892624 -3.4994709931230967 
-1.1259466710451034 -3.502725197739232 
-1.1219856064862193 -3.4957003003585347 
-1.1210447243063129 -3.4891197855099265 
-1.1147336225675812 -3.495855367725656 
-1.1144503964214871 -3.496976819355234 
-1.113507217933302 -3.485758248339308 
-1.111347351282584 -3.490617437966152 
-1.1046626259264096 -3.495951042321096 
-1.1040422743302676 -3.4950332554202026 
-1.1020963772479744 -3.493203046156361 
-1.0906844755235618 -3.4944419170586754 
-1.0848089248416641 -3.4920658423666935 
-1.0794998620832748 -3.483690500218226 
-1.0742078496093064 -3.482642217273413 
-1.071556837459338 -3.48389724573157 
-1.068495831840671 -3.479942913515376 
-1.0653845734795093 -3.4904883059308895 
-1.063808831168081 -3.4973847545042434 
-1.0533223914840255 -3.5137714615956126 
-1.0500391326495682 -3.5082324859466283 
-1.0415035075540295 -3.5061267311434676 
-1.0398553477032557 -3.4941304686104555 
-1.0395135897945549 -3.488729797161213 
-1.0342004079421334 -3.486629446259923 
-1.0320768376753657 -3.481980658480551 
-1.0291971411486756 -3.482241556041817 
-1.0257335011930262 -3.4888595324575657 
-1.0223350090253778 -3.4964141973713474 
-1.0200116993166943 -3.4995576450952712 
-1.016454583981499 -3.4915901736070207 
-1.0160415605539832 -3.4854917424958627 
-1.0134306858900963 -3.484835757879833 
-1.0112355398653068 -3.4898311568199425 
-1.0054980268682296 -3.4798156476531235 
-1.0025418812416829 -3.474329622547966 
-0.9948808287948063 -3.478785817087525 
-0.9888091460707945 -3.4863098927488663 
-0.9829255009896615 -3.4768892922598655 
-0.9785665460530347 -3.4662797713489395 
-0.9761061411554413 -3.4643476957599284 
-0.9735179485069413 -3.4673782026493205 
-0.9719562317788876 -3.4620849102911033 
-0.9645258563589022 -3.4559487104762594 
-0.9598271506371229 -3.460946239501169 
-0.9547228648118058 -3.457506622363953 
-0.9543347977788618 -3.4565854124741833 
-0.9515259403556023 -3.4278324111639864 
-0.9503599075725492 -3.434609086334696 
-0.9479513784302669 -3.4341804142034382 
-0.9467796243465346 -3.438828397688844 
-0.942830783564842 -3.4417173998659902 
-0.9425734747510457 -3.434309846408946 
-0.9413831707981156 -3.4387417383908137 
-0.938416645770293 -3.4315390526091036 
-0.9351884451312912 -3.416409972158239 
-0.933621558519426 -3.404255637841579 
-0.9322302128827756 -3.406690397602782 
-0.9317226030058787 -3.395519348537105 
-0.9288284546324576 -3.3957377426148208 
-0.9280709764686187 -3.4111731537294623 
-0.9236382594129964 -3.402935356516373 
-0.9180523565604987 -3.4044759352273637 
-0.9135885081378707 -3.402749542351057 
-0.9132087683045917 -3.384438680734066 
-0.9116010304546877 -3.3859297061988523 
-0.9093262805270018 -3.384803306893206 
-0.902742014851475 -3.3895210799725026 
-0.9000008471313073 -3.3728289198338937 
-0.8994754433042813 -3.3553288838746482 
-0.8958518485682452 -3.3645146005385973 
-0.8946534593788664 -3.3706202862453276 
-0.892110754233987 -3.3759922384832564 
-0.8857220314038922 -3.3808483515252323 
-0.8831429631981211 -3.374924120369089 
-0.8801529556102485 -3.3737010037428075 
-0.8769890955823026 -3.3735389484159573 
-0.8757088654971753 -3.3747018193494043 
-0.8754936147640869 -3.3729254262496173 
-0.8745175742988427 -3.3800792524865915 
-0.8739695191484342 -3.3655445197696565 
-0.8705256274189839 -3.3625678876821263 
-0.8694017888663911 -3.37093826223825 
-0.8685145072699698 -3.374229566939219 
-0.86445737098988 -3.37679669994864 
-0.8637377440527613 -3.3707361996138556 
-0.8617473713953734 -3.3784874377608536 
-0.8598438673500456 -3.385597179327491 
-0.8570761008867707 -3.380677395154997 
-0.8566923156703394 -3.3780099878925336 
-0.855806255495364 -3.391738354360708 
-0.8527085358000777 -3.3789296097481047 
-0.8523544269334615 -3.383429266887721 
-0.8519354245941297 -3.3815261308502613 
-0.8492433458438445 -3.3778938306481026 
-0.8470525431876823 -3.37855611079418 
-0.8460526400167769 -3.383651332245395 
-0.8450564743225973 -3.3745396249061503 
-0.8444622547334439 -3.373152137504721 
-0.840092430489661 -3.374540570948347 
-0.8395346099929932 -3.3758880536932527 
-0.8376312247043394 -3.368071201327975 
-0.8365650982930657 -3.361333271047119 
-0.8353353881651712 -3.354580778068742 
-0.8328320877205718 -3.3605362633387172 
-0.8317748671760815 -3.364672442061836 
-0.8312721917951276 -3.354096975522828 
-0.8306142532662671 -3.3486830468778233 
-0.8260866336165691 -3.345726613318657 
-0.8255869799979758 -3.3414696341687122 
-0.8238656687238134 -3.3348503231550657 
-0.8203193673449268 -3.3291470493178106 
-0.8180392568281794 -3.322878751274347 
-0.814773179897646 -3.33280861054484 
-0.8133525235422271 -3.3410151610710837 
-0.8088109181717704 -3.3397227371678224 
-0.8066073718041064 -3.336881025647802 
-0.8041071321667622 -3.337726329092363 
-0.8034173496238545 -3.3254218060914575 
-0.8025720143427192 -3.323554931734019 
-0.8015010859405863 -3.3288530080963152 
-0.8001333825207569 -3.330001507110624 
-0.7996774937185439 -3.3201866160903366 
-0.7994632298679164 -3.3190144321068593 
-0.7985393469578193 -3.3309782822983833 
-0.7977975875571824 -3.3279454009489737 
-0.796646155839289 -3.3246643421859243 
-0.7948876352077912 -3.3267487215171725 
-0.7920900283688446 -3.319570453832448 
-0.7886361140442572 -3.3081964605721508 
-0.7874480412304683 -3.308426824532352 
-0.7829741229809003 -3.298713288514194 
-0.7798904676561554 -3.297967051756838 
-0.7789489342995626 -3.2934500817507524 
-0.7753770983515592 -3.2959883755823642 
-0.774073006850274 -3.28722081001941 
-0.7735839463810695 -3.2943976882221095 
-0.7724030114559505 -3.289787516325704 
-0.7649846748404054 -3.2610561471867867 
-0.7601448632464861 -3.2690051576411023 
-0.7584163480857058 -3.258777478630519 
-0.7557538332635552 -3.266438622132263 
-0.7539807979728722 -3.2603836829698247 
-0.751530387952226 -3.2762663919614816 
-0.751248330002955 -3.2737324933993985 
-0.7508162012285802 -3.274803303323736 
-0.7482541184890398 -3.2731470489864343 
-0.7467083624062033 -3.2668320197321288 
-0.7461973600666328 -3.259895162943636 
-0.7449294982733627 -3.259835193606323 
-0.743292110889255 -3.250995743533415 
-0.7420480085487194 -3.2425072978457883 
-0.7417339212258117 -3.2350531905537347 
-0.7404679469726642 -3.23303578527662 
-0.7395770403588854 -3.2288211810296295 
-0.738762268859994 -3.2208676839019668 
-0.7380859570855887 -3.2130802078664105 
-0.7367645083940235 -3.208296235154253 
-0.7329089390978899 -3.2124267344177815 
-0.730868998092944 -3.2152734143525836 
-0.7303579620071105 -3.21317995905867 
-0.7302501244001333 -3.206411462054721 
-0.7290628060086345 -3.20376374510066 
-0.7284127650947234 -3.1999119865740484 
-0.7275269827624561 -3.1977203473317806 
-0.7252235232725027 -3.1965689566735724 
-0.7248332582966466 -3.1883899984756323 
-0.7219344982816177 -3.176996206489805 
-0.7211632432664163 -3.171843353409586 
-0.7208245278532426 -3.1697278976760903 
-0.7185473702535344 -3.173017563300529 
-0.7180120193180834 -3.1803575925415872 
-0.7144758270418323 -3.1789675157323463 
-0.7105525708077791 -3.176670606306111 
-0.7098323055196104 -3.1660910147615513 
-0.709066910424522 -3.164585090989308 
-0.7060757772760144 -3.171722639388663 
-0.7043746554258572 -3.1654857836610475 
-0.7040103332630693 -3.166906371317848 
-0.7029619837016092 -3.1679210707187235 
-0.7021593581311868 -3.1652542987272296 
-0.7012167179171542 -3.1573737572960447 
-0.7000289577673664 -3.153544883712064 
-0.6971772579104211 -3.147833822502653 
-0.6957537276913802 -3.149176777732356 
-0.6938688957408604 -3.146117102828154 
-0.6934430118172499 -3.1365202192833777 
-0.6919656584103132 -3.135227587670886 
-0.6881330759832882 -3.1427706386563656 
-0.6856002751232909 -3.1468193434194682 
-0.6835501694637321 -3.128620227371259 
-0.6833507384233971 -3.1331592424985053 
-0.683297275426318 -3.1287876470252973 
-0.6820466492241052 -3.1301216999254997 
-0.6769642993609102 -3.1270943930856383 
-0.6757099019827628 -3.1327167632930366 
-0.672229236852003 -3.138100834448847 
-0.6716619519891073 -3.1312761495021717 
-0.6708859271497434 -3.1276884043439375 
-0.6704559714736117 -3.1269489247628863 
-0.6702280256037003 -3.123823305673261 
-0.6698719590575303 -3.123885327684321 
-0.669795564863489 -3.1230716134178995 
-0.6673676781032098 -3.1209778562285124 
-0.6672965884266948 -3.1225616881673557 
-0.6669727317010541 -3.136144188291147 
-0.6654285656837349 -3.135402441961735 
-0.665301001917163 -3.1360736140383114 
-0.665301001917163 -3.1360736140383114 
-0.6640782805569525 -3.127006522795177 
-0.6630795238724582 -3.1313293250455483 
-0.6627076144882286 -3.1280505685763527 
-0.6608666160668459 -3.1280373815207403 
-0.6603300404140556 -3.12975931235478 
-0.6598231455370778 -3.1335316241709 
-0.659051084880843 -3.1117190027722295 
-0.6587768404627584 -3.118775995324705 
-0.6579729195248671 -3.109641140707354 
-0.655784135625844 -3.110671578313589 
-0.6556111770392521 -3.1160120466103316 
-0.6497983370656176 -3.118335105601655 
-0.6488024354988762 -3.1187642201282606 
-0.6472969104101611 -3.1236205707983187 
-0.6457030065241991 -3.1120124227958503 
-0.6441644302881702 -3.1036835069738054 
-0.6438045518246126 -3.116863925187732 
-0.643494544391208 -3.120562422273525 
-0.6428434018606214 -3.1303120698122493 
-0.6428434018606214 -3.1303120698122493 
-0.6426087226455806 -3.128322043688194 
-0.6423599617978017 -3.1354171495370817 
-0.6416859517783766 -3.1309507490673925 
-0.6405363679738285 -3.126511383010535 
-0.6397745186571373 -3.135154522071596 
-0.639468977583823 -3.1319793977978216 
-0.6392837926251675 -3.129871650911125 
-0.6350811377082209 -3.135534170392356 
-0.6347950959718394 -3.131793022154639 
-0.6343578616647118 -3.1305471696220897 
-0.6339750807439162 -3.132189616842022 
-0.6336189507465816 -3.1311629481358647 
-0.6334594550606921 -3.128591521915919 
-0.6331811551434368 -3.129886107994885 
-0.6325928582559368 -3.121235050070207 
-0.6314711466758579 -3.129032675817584 
-0.6309487877435282 -3.130857734075627 
-0.6307597209083979 -3.132766768298334 
-0.630050825882956 -3.1314482755195483 
-0.6278832129014393 -3.1302768300933352 
-0.6277757544339779 -3.1276013143880093 
-0.6274376771854357 -3.130754522099807 
-0.6270268908995369 -3.1313715588674524 
-0.6269286866346658 -3.130827733860779 
-0.6261608555220325 -3.1335426272647835 
-0.6257325183017217 -3.1333018773291488 
-0.6257325183017217 -3.1333018773291488 
-0.6248069103424098 -3.132388634266102 
-0.6239957697891249 -3.131976573569097 
-0.6226262636010327 -3.140234486854426 
-0.6187433881231312 -3.1460619281490607 
-0.6155115620983782 -3.138081735274848 
-0.6149240185485763 -3.1350129398949167 
-0.6126483325507993 -3.1377412417119483 
-0.6121058509206149 -3.1410812911350448 
-0.6112485053634611 -3.134610128813823 
-0.6103678162060737 -3.144293846893928 
-0.6092804771012987 -3.143112652956486 
-0.6081149047367465 -3.136354525804222 
-0.6077716750582756 -3.141992865178819 
-0.6073800528333801 -3.1387478490546776 
-0.6065640930421914 -3.1334510339529733 
-0.6063718425602458 -3.134834316582753 
-0.6056849758652417 -3.1340876095355736 
-0.6051465770287456 -3.1297942539394885 
-0.6048521119314714 -3.124790155516427 
-0.6041957493170754 -3.127774410705604 
-0.603881186155276 -3.1273388101619246 
-0.6031939167427688 -3.119199858880542 
-0.6028338355516973 -3.1228017514968336 
-0.6003728073670551 -3.122213838115206 
-0.5979084691298363 -3.1151166618053714 
-0.5966665209506101 -3.1181521504669116 
-0.5963618001658362 -3.1154937909016223 
-0.5927910090223459 -3.1146623933872783 
-0.5918641582125296 -3.1024554623079843 
-0.5917951451000383 -3.0997098830963137 
-0.5894930140625969 -3.094385025314165 
-0.5882702943889108 -3.0939461102285564 
-0.5878969470656977 -3.0915794125842475 
-0.5868880062958294 -3.095106229751172 
-0.5854480347794763 -3.096005006002965 
-0.5853114797627231 -3.0984903980879035 
-0.5833500936437538 -3.09207647673686 
-0.5828655766288797 -3.0893497753169212 
-0.5808381375995705 -3.0938327209151097 
-0.5806537850148659 -3.0890565911571817 
-0.5801716694691146 -3.088209289510524 
-0.5790210317940676 -3.0836667260222073 
-0.5783784506332167 -3.0771276359913315 
-0.5774356657514815 -3.078730370851548 
-0.576950175087438 -3.0868574242262534 
-0.576950175087438 -3.0868574242262534 
-0.5750901305576364 -3.0687146163507144 
-0.5746455952433033 -3.060742289903634 
-0.5742088608197609 -3.059980276716906 
-0.5740381337035576 -3.0520060982009034 
-0.5736180967523696 -3.0524676268381588 
-0.5722703735473091 -3.069855171078823 
-0.572041143768491 -3.0677996283175046 
-0.5709195868921648 -3.0691783828289303 
-0.5706397141365003 -3.0639954621676444 
-0.5701705817814263 -3.060670597047441 
-0.5701035127002728 -3.0582361468843184 
-0.5696474311774302 -3.0572392983592334 
-0.5695120038610271 -3.0580095014339115 
-0.5682012780658265 -3.057718294492292 
-0.5676499098592696 -3.064455501112227 
-0.5671501578928728 -3.062562577617356 
-0.5670780459751765 -3.0620409588572066 
-0.5661630852666424 -3.064004082024011 
-0.5655646224885751 -3.054286569997706 
-0.5651041659475948 -3.0592100295638804 
-0.5650428051715252 -3.0708792821009383 
-0.5638397298527335 -3.062813871632762 
-0.5635089867338933 -3.058552454334457 
-0.5631757120248099 -3.0599141603564153 
-0.5611263601755454 -3.0645101554969982 
-0.5597925762410496 -3.067643657930375 
-0.5591216427205359 -3.0616010179113564 
-0.5588093557286198 -3.061294206046867 
-0.557922728055856 -3.060426665168838 
-0.556423096882017 -3.048032692215925 
-0.556193304411139 -3.0463815016997025 
-0.5557478340591847 -3.042442060381692 
-0.5555883211107661 -3.040044665611613 
-0.5549405741662667 -3.0339769732429103 
-0.5548807130440703 -3.0353782770701385 
-0.5544468085947473 -3.034844211148223 
-0.5535514727950376 -3.0378782670553486 
-0.5529286770299982 -3.045972821155785 
-0.5525614672671287 -3.043643768545514 
-0.5510454454221942 -3.044806887564758 
-0.5502783939674861 -3.03516700579491 
-0.5500703465951997 -3.036445406315098 
-0.5500703465951997 -3.036445406315098 
-0.5497687008256236 -3.026426343406906 
-0.5494076288627279 -3.032052971592557 
-0.54842001447069 -3.032409437816933 
-0.54842001447069 -3.032409437816933 
-0.547608881367408 -3.024396405372377 
-0.5460828301230091 -3.021236707752503 
-0.5454821404307009 -3.02729277090337 
-0.5452019545334493 -3.0287805844223 
-0.5445030551962209 -3.026161683333956 
-0.5442979231974103 -3.02686182096838 
-0.5442979231974103 -3.02686182096838 
-0.5433789425430845 -3.021877667777362 
-0.5425931702055881 -3.025190181950569 
-0.5403094078403895 -3.0297432029994695 
-0.5402718296778114 -3.029631563577 
-0.5393506884608498 -3.027597041689952 
-0.538747766696445 -3.0255364721579445 
-0.5385385356566421 -3.024427551340904 
-0.5343101726520568 -3.029428701829684 
-0.5324430334023009 -3.0250563979805456 
-0.5324430334023009 -3.0250563979805456 
-0.5318338720280769 -3.024120473619547 
-0.5314575181819307 -3.027423632469452 
-0.5314575181819307 -3.027423632469452 
-0.5306217080922965 -3.025670520638325 
-0.5303441541732697 -3.025535571235646 
-0.5290357770252067 -3.0333932515945645 
-0.5288275223544774 -3.031202655991738 
-0.5286872803290708 -3.031520074194485 
-0.527704526873989 -3.0341968428131767 
-0.5274091379484246 -3.028155314366321 
-0.5268019818061647 -3.028610492582533 
-0.5265848744604805 -3.024093484626897 
-0.5263801077586281 -3.0251797856053018 
-0.5254511428310894 -3.0310705733169194 
-0.5245244162435811 -3.034514710055755 
-0.5245244162435811 -3.034514710055755 
-0.524464291183456 -3.0376179248941613 
-0.5237155682128148 -3.0427846998833488 
-0.5222408292408348 -3.036703071843463 
-0.5221881776244303 -3.0334534275567973 
-0.521717635056527 -3.0330271382517537 
-0.521717635056527 -3.0330271382517537 
-0.5216898477902672 -3.0317093001383064 
-0.521290383476511 -3.028010200101864 
-0.520980738462262 -3.0277293108631733 
-0.5209613200815996 -3.0265090994756405 
-0.5208538873237187 -3.0235731746591963 
-0.520635318119477 -3.03159452828367 
-0.5204148641394495 -3.0324814581696202 
-0.5194531166954434 -3.0329218435634213 
-0.5182494726942363 -3.0292632692142245 
-0.5180458093302376 -3.0294454567186375 
-0.5175913740520103 -3.0201249977626903 
-0.517344534126882 -3.030493073379385 
-0.5172311925330167 -3.0373910990429605 
-0.5172311925330167 -3.0373910990429605 
-0.5166671223343392 -3.0478767521535928 
-0.5160945983426783 -3.0501459148411523 
-0.5156912333365213 -3.0304428305755438 
-0.5142194065870415 -3.0235035186270394 
-0.5142194065870415 -3.0235035186270394 
-0.5139486698827209 -3.026593590343737 
-0.513607004732816 -3.018792891497805 
-0.5133049013257189 -3.023317252554075 
-0.5126757372926203 -3.0194301271613555 
-0.512558691188302 -3.0346619754249207 
-0.5114948441494664 -3.0340017579959326 
-0.5114948441494664 -3.0340017579959326 
-0.5104737040614638 -3.037861256876036 
-0.5103010595082837 -3.039451242483963 
-0.5096032150880017 -3.0321738046324134 
-0.5095977275251173 -3.033435641842647 
-0.50942817248431 -3.035353478742872 
-0.5083799288832233 -3.0410578500521437 
-0.5074921622936498 -3.0432542778489284 
-0.5072886402150334 -3.032553676060628 
-0.5069570852772025 -3.0310799173496092 
-0.5066177947472756 -3.021501642322402 
-0.5064674711980648 -3.0122707312503323 
-0.5063367353927918 -3.012098869711342 
-0.5063367353927918 -3.012098869711342 
-0.5058560249581702 -3.018929231031523 
-0.5057384110622342 -3.019249261913848 
-0.5057384110622342 -3.019249261913848 
-0.5046660252007815 -3.0120797595849553 
-0.5045058795947596 -3.014334397073227 
-0.5042123584617769 -3.028813463791966 
-0.5040249015754158 -3.0293314909966114 
-0.5039792782235594 -3.0289272881259874 
-0.5035655122171043 -3.0264664544068864 
-0.5024557493612423 -3.0262581006303364 
-0.5019611110489631 -3.0266825586566597 
-0.5006915501136285 -3.018869455480435 
-0.5000716051347098 -3.0268823385604966 
-0.4995830101578521 -3.0169317316433046 
-0.49899994219495475 -3.012847440070043 
-0.49859590469676407 -3.010170350175472 
-0.49854615964017907 -3.0130015885571937 
-0.49843387668106337 -3.0074425649879584 
-0.4981663787210272 -3.008100208108174 
-0.49801679396627274 -3.0087768704096622 
-0.4979709636119124 -3.009437861663446 
-0.49609926797766085 -3.0096577962733693 
-0.4954904439009969 -3.010621698785502 
-0.49492899609419183 -3.006958228755791 
-0.49492899609419183 -3.006958228755791 
-0.4936262648655633 -3.01023846682397 
-0.49341677813811646 -3.0060744597317157 
-0.49326486155468197 -3.0099722713721415 
-0.49281074012943615 -2.999877951471041 
-0.49242071560052436 -2.991303610663145 
-0.492178050247945 -2.990635474425128 
-0.4919524624433131 -2.9911495366291363 
-0.4919524624433131 -2.9911495366291363 
-0.49137290628134467 -2.984503717079106 
-0.4902104843222001 -2.990631388735829 
-0.4874117965397398 -2.989153784667468 
-0.48417645712957086 -2.9869329953642647 
-0.48395018555053443 -2.987000620938214 
-0.48361100895671505 -2.991398253059511 
-0.4834753125679772 -2.990995124562717 
-0.4821080968421265 -2.9890905095940115 
-0.48127407850813725 -2.9988762733455205 
-0.4809546239791034 -2.997252235419921 
-0.4808762494994034 -2.9939805146005853 
-0.4803413946410913 -2.992004489188871 
-0.4793318791924599 -2.9928611487841645 
-0.4793318791924599 -2.9928611487841645 
-0.4792190916560141 -2.992763293710002 
-0.479198248165323 -2.9934148490818715 
-0.4791272052554054 -2.9934426502306466 
-0.4789299036309939 -2.999634086406514 
-0.4786043805897692 -3.000718139664512 
-0.47738711664237626 -2.9978581120197894 
-0.4762077488116345 -3.000598545721912 
-0.4760222302845383 -2.9834741877563142 
-0.47566526271247783 -2.99280068372151 
-0.47535054636672325 -3.0006026263894356 
-0.47514819702438005 -2.9953688390034996 
-0.4749530273951107 -2.9909911700776055 
-0.4749530273951107 -2.9909911700776055 
-0.4745588645181405 -2.989262086353277 
-0.4745166749893693 -2.9920923036175338 
-0.4742299802764737 -2.9898463867618923 
-0.4742299802764737 -2.9898463867618923 
-0.47351272236646974 -2.998030831331046 
-0.47346709901461337 -2.9971504457733715 
-0.47287351695810026 -2.998941715583989 
-0.4726784426643865 -3.005815277850307 
-0.47211362252483013 -3.0016329439395677 
-0.47194906619415217 -3.0067565418506104 
-0.4702129938950193 -3.0151399448409424 
-0.47003816484610067 -3.0146137976045466 
-0.4695585868487169 -3.0224519651964226 
-0.46911062124689024 -3.021263725058006 
-0.46911062124689024 -3.021263725058006 
-0.46657324108796994 -3.0069815237676583 
-0.466243066802407 -2.997797483987996 
-0.4655125713552771 -2.9891075944176273 
-0.4649397177560355 -2.9894759914997655 
-0.46447065395543863 -2.9877770105460097 
-0.4640396132603993 -2.9835951605368596 
-0.4636738486869844 -2.9780497545827287 
-0.4634651197830529 -2.9710251129375176 
-0.4625496145875236 -2.981058583715184 
-0.4623386654985742 -2.9782209675122684 
-0.461981180560279 -2.9775855221576806 
-0.4619165960967176 -2.978671456310608 
-0.4619165960967176 -2.978671456310608 
-0.4618450486671967 -2.975426761776265 
-0.4615449791273176 -2.9847347482657636 
-0.46140770375592455 -2.9848359922737457 
-0.4613646052614986 -2.9850491502898606 
-0.4611881816433125 -2.9789818667221586 
-0.4611881816433125 -2.9789818667221586 
-0.4607963735143214 -2.977123648843882 
-0.4606162368423034 -2.9705024292750886 
-0.4603946561484939 -2.9702248984904482 
-0.4603946561484939 -2.9702248984904482 
-0.4603946561484939 -2.9702248984904482 
-0.46036149277743726 -2.968593005166101 
-0.45953534094737775 -2.9674703030577767 
-0.45950964105572906 -2.9640212883267947 
-0.459187617796571 -2.9673665938933578 
-0.45913110864915274 -2.966041383150945 
-0.4588905229831746 -2.9646700735088185 
-0.4588539726460782 -2.9566234089565318 
-0.4581524394503223 -2.9534768510996803 
-0.4577238576067719 -2.9438330858576176 
-0.4561563987128199 -2.935945875040217 
-0.4558697772013693 -2.933337017682524 
-0.45547551295574845 -2.9299741736365092 
-0.45532837659030306 -2.9288145834882626 
-0.45518029148761247 -2.925358536516673 
-0.4549197136413898 -2.9218344596471386 
-0.4545386425889726 -2.9256749842246026 
-0.4542552681724136 -2.9338582286445116 
-0.4542552681724136 -2.9338582286445116 
-0.45394288674743066 -2.930345713869682 
-0.45295472305463297 -2.923632182200952 
-0.4527417677346284 -2.9139494048407126 
-0.4527380931815203 -2.908218378327907 
-0.45261125390063317 -2.914099209557798 
-0.45175102138061096 -2.9053848937317976 
-0.451477848046342 -2.8994309151142312 
-0.45127406118952795 -2.9000892341685955 
-0.45074261760189194 -2.9108799090815176 
-0.4501156362788583 -2.9195958351320788 
-0.44998804724838326 -2.9250511335927385 
-0.44987138386459957 -2.9243122046213665 
-0.4495024159842122 -2.9227248728798676 
-0.4495024159842122 -2.9227248728798676 
-0.4494197519700381 -2.9280475682196805 
-0.4491607102564109 -2.923011506764125 
-0.4488316741570134 -2.922949752655543 
-0.4487614169121281 -2.91945126078404 
-0.448668644166232 -2.9221758172313796 
-0.44828226481298394 -2.9189536651490533 
-0.4482554004244174 -2.9195426923317123 
-0.44792888364807093 -2.9250351450266794 
-0.4478119512525355 -2.9245042910422825 
-0.44742588625553104 -2.922852377318033 
-0.44739329546121637 -2.920011429134076 
-0.4466440742092077 -2.91372808184289 
-0.44589765460986897 -2.91232298702325 
-0.44549332448062684 -2.9156933770783984 
-0.44527764127905417 -2.9200919284560447 
-0.44524452321314917 -2.9145570861558014 
-0.44524452321314917 -2.9145570861558014 
-0.4451995292596068 -2.9116688137978572 
-0.444604589003858 -2.91764007129038 
-0.444604589003858 -2.91764007129038 
-0.44405641039448557 -2.914775221762069 
-0.44390728528352674 -2.9128284028564844 
-0.44390728528352674 -2.9128284028564844 
-0.44390728528352674 -2.9128284028564844 
-0.4436800425810266 -2.901602810667063 
-0.4436800425810266 -2.901602810667063 
-0.4435295230380978 -2.904523634134974 
-0.44351189501545346 -2.904940870603017 
-0.44303921825868037 -2.9037357751514836 
-0.44301096368497134 -2.9090243599124688 
-0.4427737313581566 -2.904880905717314 
-0.44270234781021134 -2.9023951138107082 
-0.44266658644756507 -2.9045293935186103 
-0.44221871670810875 -2.9054557804786643 
-0.4421026130599181 -2.9063198443644063 
-0.44174399731668695 -2.910840863661766 
-0.44161421537134665 -2.9039449788272114 
-0.44128303471229713 -2.899670665541521 
-0.44088703076138197 -2.8984530513366473 
-0.4405715795675963 -2.8962624479545798 
-0.44046322247245245 -2.8950380021928424 
-0.43999880976696243 -2.8932502270393434 
-0.43985778580902946 -2.890789000910856 
-0.4389607633945161 -2.895880156988248 
-0.43846938932924123 -2.8898910065746803 
-0.43829227407550947 -2.890838663265744 
-0.438030568719985 -2.891276913747059 
-0.4376957471893834 -2.8857314307435518 
-0.43719790580731566 -2.886242661333837 
-0.43719644832173965 -2.885030077746736 
-0.43691452873807624 -2.8898966208186394 
-0.43676975296449383 -2.892527544447937 
-0.4360356746797104 -2.8971029517632676 
-0.43540618051901153 -2.89954250473432 
-0.435151489918276 -2.9002388451038974 
-0.4344538102536756 -2.899843895154839 
-0.4341835560565519 -2.9092476850666267 
-0.43383963017969235 -2.9023616794909373 
-0.43381777703283925 -2.9007862981924912 
-0.43359353733491535 -2.9036532091599794 
-0.43351577526339485 -2.9004877773076103 
-0.43351577526339485 -2.9004877773076103 
-0.4333797295247093 -2.902255345415553 
-0.4330906288797212 -2.8952732427737415 
-0.4301334202662709 -2.900719505698499 
-0.4298020152921742 -2.903857022651085 
-0.42975100008964384 -2.905089133611355 
-0.4289507112533735 -2.9020887113934246 
-0.4285431761315876 -2.8994176569726315 
-0.4282810462668446 -2.9090542414493483 
-0.4279141418407115 -2.910426668674326 
-0.4272392161369448 -2.912727834322462 
-0.4266493488674656 -2.9171050312698483 
-0.4266493488674656 -2.9171050312698483 
-0.4251267789747708 -2.916380888802418 
-0.4249272193541236 -2.915143304741836 
-0.424414698690898 -2.918040224691609 
-0.42433507361127293 -2.9140502138857753 
-0.42420632691143995 -2.912366164525287 
-0.4239708966474343 -2.9119311997313666 
-0.4238704835655517 -2.911624267242149 
-0.4238704835655517 -2.911624267242149 
-0.42376831861409925 -2.908026581343349 
-0.4236875832059349 -2.9077526280957025 
-0.4233719266402783 -2.9074666028573346 
-0.42332248113628734 -2.905095928810379 
-0.4229908270907168 -2.9045879343375267 
-0.4229908270907168 -2.9045879343375267 
-0.4228185559972421 -2.902066199755439 
-0.4228185559972421 -2.902066199755439 
-0.422638013275169 -2.8982316164792294 
-0.42259059069253513 -2.8992494350511513 
-0.4225359906379351 -2.89989564415417 
-0.42248420828950195 -2.8992853520219435 
-0.42241455651483045 -2.899555107730363 
-0.4223684331810359 -2.9009176117823263 
-0.42147398657451557 -2.9033360266730672 
-0.42143927567085915 -2.9022958673610906 
-0.42131819809081 -2.9014525099779136 
-0.4211052303946178 -2.8993908648847695 
-0.4211052303946178 -2.8993908648847695 
-0.4198549636799242 -2.899907641216175 
-0.4198549636799242 -2.899907641216175 
-0.4171642243809825 -2.8938331941839444 
-0.4171576043105225 -2.8895580164815606 
-0.41646101823821097 -2.883446188778876 
-0.4154267649562309 -2.89593035473605 
-0.41516621192272946 -2.891964760168258 
-0.415090781411127 -2.892030781802424 
-0.41480562221524697 -2.8963386781964644 
-0.414745562155187 -2.8958490297304835 
-0.4146263842524663 -2.8952994222731547 
-0.41435485015955237 -2.901460579686878 
-0.41435485015955237 -2.901460579686878 
-0.41371934645407776 -2.902869088719813 
-0.4133986489068632 -2.8955917824477635 
-0.4126198668206809 -2.8928474560680577 
-0.4118033403543696 -2.8879646847938267 
-0.41162878873771724 -2.874982856528669 
-0.4114576869995129 -2.8856993386813827 
-0.4114576869995129 -2.8856993386813827 
-0.4112525378011419 -2.882715058399337 
-0.4112525378011419 -2.882715058399337 
-0.4112525378011419 -2.882715058399337 
-0.41113098481032734 -2.882243697499736 
-0.4109184111603311 -2.880914904541405 
-0.4109184111603311 -2.880914904541405 
-0.4109184111603311 -2.880914904541405 
-0.4109184111603311 -2.880914904541405 
-0.4108072393976959 -2.880295187673071 
-0.4106176124201583 -2.8750143369581114 
-0.4105368071031853 -2.8757021941565153 
-0.4102219267508837 -2.8793535976033255 
-0.4100705374165255 -2.8777060215702357 
-0.40969790697603486 -2.8779325808305716 
-0.4090992852933783 -2.8749173794962584 
-0.4073558819835618 -2.8703629789632923 
-0.4072484030891395 -2.870468745810241 
-0.4051250847253115 -2.8701175779936055 
-0.4046726486374011 -2.8704519432863815 
-0.40421506507056065 -2.8674771137435857 
-0.40401703347779006 -2.861981574975315 
-0.40390682637956776 -2.8545563402711354 
-0.4038178319273523 -2.8563931278959203 
-0.40376986240855506 -2.8540477969994917 
-0.4032324209919516 -2.858579971864996 
-0.40299695481444636 -2.8629993121549613 
-0.40279589454897285 -2.863958061297474 
-0.40268523064106393 -2.8615134809516047 
-0.40268523064106393 -2.8615134809516047 
-0.40250456410791813 -2.8591746061221173 
-0.40250456410791813 -2.8591746061221173 
-0.4021285586174139 -2.863535967394396 
-0.4021285586174139 -2.863535967394396 
-0.4016274308126237 -2.8661020883245545 
-0.4016274308126237 -2.8661020883245545 
-0.4013770685161028 -2.864534497563182 
-0.4009831843564217 -2.855050148898408 
-0.39853804460657516 -2.8571936759445054 
-0.39527159931124406 -2.8509742041465174 
-0.3947750842879628 -2.851520811239663 
-0.3944779918837001 -2.8524856552486324 
-0.3936737856055326 -2.8522554040203807 
-0.39342458182841006 -2.8474833978186074 
-0.393264120018206 -2.848443687997204 
-0.39316289470336985 -2.8436803200603875 
-0.39302398545165096 -2.845756834975462 
-0.39294359176719085 -2.8434166193722805 
-0.39294359176719085 -2.8434166193722805 
-0.3919418438156443 -2.842162415733859 
-0.3919418438156443 -2.842162415733859 
-0.3918435874944443 -2.838811753447425 
-0.3918435874944443 -2.838811753447425 
-0.3917392626401899 -2.842442904497015 
-0.3917392626401899 -2.842442904497015 
-0.3912514964408076 -2.8426009912765675 
-0.38943233869239763 -2.840269214180653 
-0.38943233869239763 -2.840269214180653 
-0.38921311518363694 -2.8387930068985003 
-0.38907352726142563 -2.8354409633703077 
-0.38867332617433364 -2.8439304310745985 
-0.3884018144353698 -2.8403875268907286 
-0.3884018144353698 -2.8403875268907286 
-0.3883052089722602 -2.838009727115814 
-0.38785751183522876 -2.841019670859517 
-0.3876797307851868 -2.8477730464075353 
-0.3876539629022761 -2.8480100925526717 
-0.3875994119926397 -2.8469042439779972 
-0.3875994119926397 -2.8469042439779972 
-0.3875994119926397 -2.8469042439779972 
-0.3873414483008321 -2.83959784794854 
-0.3867550353126944 -2.8378953681557264 
-0.3867550353126944 -2.8378953681557264 
-0.3867550353126944 -2.8378953681557264 
-0.38667688096437053 -2.845288845936405 
-0.3862912868988263 -2.845270256417658 
-0.386237004412248 -2.842149525707668 
-0.3860671905767238 -2.839104109171669 
-0.38600217317532043 -2.8342104430595834 
-0.3857490300142919 -2.8367976750549357 
-0.38559376562309217 -2.835420507794643 
-0.3855320600819345 -2.8357053814978026 
-0.3854411109630592 -2.834585842975687 
-0.3852695163515989 -2.832970441068778 
-0.3852695163515989 -2.832970441068778 
-0.38522583630791885 -2.83396025136971 
-0.3850487464402204 -2.8362389623157083 
-0.3849230886624351 -2.8302019097293805 
-0.38482020326687333 -2.829467278835539 
-0.3846635536804545 -2.8289739581750175 
-0.38446663655152247 -2.835095397095702 
-0.38425011898843175 -2.8350901133945543 
-0.3841555547758432 -2.837182965662441 
-0.3840335876913589 -2.8445521616645864 
-0.38375842389121834 -2.8499878108447527 
-0.38375842389121834 -2.8499878108447527 
-0.38375842389121834 -2.8499878108447527 
-0.3836964662823318 -2.847127986008717 
-0.383125972534984 -2.8348454644995646 
-0.38300669889036865 -2.839480100873263 
-0.3826642831986087 -2.8329416625452786 
-0.3826388184672616 -2.8328519578442437 
-0.3822903784972881 -2.839961826766324 
-0.38224417834006547 -2.8344672186249604 
-0.38181399803365806 -2.8305674442724973 
-0.3815646697602862 -2.8339134477026313 
-0.3812873871230991 -2.828753532807974 
-0.3810733861246528 -2.824759927951691 
-0.38083192707597746 -2.8251345466575346 
-0.3806962987332889 -2.8334408706917262 
-0.3806933605640319 -2.8290483144139267 
-0.3806283606900029 -2.8301865724456756 
-0.3800225682319424 -2.833589221808375 
-0.37979074017963693 -2.833312276026279 
-0.37973907260878775 -2.832174665088182 
-0.37741089448081777 -2.823694200176196 
-0.37701729865967076 -2.826700673965309 
-0.3769769349829435 -2.8272653494100815 
-0.37623741487016005 -2.8407675745130367 
-0.37527497283952643 -2.8397113992153424 
-0.37527497283952643 -2.8397113992153424 
-0.37527497283952643 -2.8397113992153424 
-0.375105099122048 -2.840627241601597 
-0.37475514420567246 -2.837504330069651 
-0.374743288560014 -2.8375422961233725 
-0.37465366678986467 -2.8375033889749797 
-0.37451385200787185 -2.837271353348994 
-0.3744891148402776 -2.835932317555421 
-0.37431473371300494 -2.8350374921174346 
-0.3743032028795563 -2.832931713030703 
-0.3741662174642224 -2.8317220232917832 
-0.3739448129546086 -2.833810952050514 
-0.37375004100640186 -2.8340619416821258 
-0.37347912062114585 -2.833637095162749 
-0.37297793798953854 -2.8348169233734932 
-0.3722109720020694 -2.8401349938566653 
-0.3719595857640096 -2.8371003062733138 
-0.37193581868141895 -2.8267781525459266 
-0.37193581868141895 -2.8267781525459266 
-0.37162716300669324 -2.823765963413107 
-0.37152439246081126 -2.8259666122031435 
-0.371406444945865 -2.8380924601342987 
