-8.946818202146028 -4.209837348224086 
-8.547567482129761 -4.094816886363866 
-8.218472517668692 -4.0022546195252975 
-7.994318579666341 -4.066034115392848 
-7.764687667411403 -4.010161860856952 
-7.47988194907705 -3.9988115803451625 
-7.2459147028459245 -4.011299323210817 
-7.032366820576443 -3.9348290067254927 
-6.871916502470502 -3.8971613882405767 
-6.701899838944788 -3.775627509693969 
-6.542648945616308 -3.8008895054091343 
-6.383034285394037 -3.8371220677574436 
-6.279102354339064 -3.754060434113945 
-6.117311121410142 -3.7917703370684164 
-5.961478538862247 -3.712332634935544 
-5.8470039540274525 -3.704646867611955 
-5.7447494062103015 -3.6726963611839 
-5.619981501154985 -3.654156137466621 
-5.5344938188623205 -3.6908795431350168 
-5.4604592109064924 -3.683695437742762 
-5.348809388830323 -3.6456849073228748 
-5.243980023949951 -3.654848867399152 
-5.161294949668107 -3.650398977769056 
-5.046286803327223 -3.5663551731327905 
-4.980095876817246 -3.5070928361566662 
-4.901765304463007 -3.5167265752941907 
-4.829540610460468 -3.512594990546252 
-4.741364259526615 -3.5303431860481016 
-4.686305518520368 -3.4746285441504123 
-4.620507873828497 -3.4282211577242085 
-4.548339007566753 -3.4693105431507596 
-4.457512291736012 -3.441998320374362 
-4.40017323337683 -3.431747584835173 
-4.3163819863551165 -3.4328288042074333 
-4.25284134046348 -3.427555492428135 
-4.167492041041759 -3.4285734772799032 
-4.109797220624789 -3.4432516221442557 
-4.059682753240153 -3.465089744558702 
-4.024426919140777 -3.448646580837046 
-3.9705286342950354 -3.4082809599998707 
-3.898471178206111 -3.4095305164873135 
-3.8561303168598173 -3.392016803630182 
-3.818901311172326 -3.3734593337980754 
-3.7794357507248817 -3.379217117340608 
-3.7344703980179017 -3.345738557561631 
-3.6803047522914643 -3.3126624832012626 
-3.6370890361631965 -3.2954971626042955 
-3.5986745244209772 -3.3426393791738356 
-3.572893998046036 -3.3711664013787477 
-3.5190896043606994 -3.322513462356677 
-3.4797194046906847 -3.34153530491026 
-3.4468331730839834 -3.310736148037896 
-3.41634198548551 -3.351346536241127 
-3.37453705352959 -3.3361066550146634 
-3.328083062484285 -3.313635641210389 
-3.2997497067613626 -3.327979538782303 
-3.2635241231692738 -3.3199381005494146 
-3.2343896531517506 -3.2938515325751094 
-3.202448232059169 -3.293153095009268 
-3.166988897561907 -3.288100341240779 
-3.146832375356406 -3.312763581036999 
-3.1180086986217868 -3.25638845127164 
-3.080508353231337 -3.3055743593336926 
-3.05375037655903 -3.2561459152450745 
-3.034332406959254 -3.252113243546267 
-3.011819175890515 -3.244648602561749 
-2.9836211743741483 -3.2501380125570094 
-2.9632133012287296 -3.22848422483508 
-2.9405672946715975 -3.2630065761794573 
-2.911426696390881 -3.263091644736661 
-2.885954841475069 -3.214852968567787 
-2.859668203946066 -3.2542267698515692 
-2.822031771580381 -3.2254283585553876 
-2.7959718415640693 -3.2403464746232005 
-2.7753478524623487 -3.204468121093393 
-2.7526080295212494 -3.222821093881387 
-2.727851889397834 -3.192205098040772 
-2.7070679031071805 -3.1893504168818536 
-2.681223990869773 -3.2192922672453075 
-2.6650169484460937 -3.2267001233169443 
-2.645719758321589 -3.2034112567665947 
-2.63151614749417 -3.1979299741830696 
-2.6145140791067605 -3.1710129536191163 
-2.5968379752572632 -3.1703605743500156 
-2.575899343784485 -3.193666429612499 
-2.557553037883797 -3.180182237232018 
-2.537181143454516 -3.156243722894329 
-2.526380038505597 -3.1454617739455677 
-2.5111849142434832 -3.1358266059979716 
-2.494385101878615 -3.134038010779977 
-2.462818042127627 -3.15453965171723 
-2.4419841234370705 -3.1698587399851603 
-2.4264468378769752 -3.173918836193728 
-2.4196728953809683 -3.1756655960808957 
-2.408787565642503 -3.1703025720769893 
-2.3988721352876694 -3.17787599605382 
-2.378452977001735 -3.1673037186357007 
-2.3680452812751267 -3.1544516728980083 
-2.357735030305868 -3.1422299621808194 
-2.3485806735398773 -3.1539034054101607 
-2.3391943326616964 -3.161252707915885 
-2.328808660570819 -3.1573401373143377 
-2.3174642280943294 -3.1682062053870066 
-2.3032129575470712 -3.164138635847096 
-2.292372703597058 -3.161041122769155 
-2.2719775329744745 -3.1632073685923654 
-2.2603345855699697 -3.1710044167329134 
-2.2428602480488236 -3.165729020877337 
-2.235866705103649 -3.168905747372884 
-2.2240264121482194 -3.143231325980502 
-2.2103251843825693 -3.1333321688912434 
-2.1909351277430327 -3.1450316124471285 
-2.175026578634102 -3.1282935097140148 
-2.159604950750266 -3.125657846034663 
-2.1451801061343407 -3.1176316840528013 
-2.1332614919367097 -3.1159055445405643 
-2.1170231342033325 -3.0926162851803976 
-2.105510184425387 -3.110039466085044 
-2.0933653507199583 -3.096627483750408 
-2.0895831001019993 -3.085012563195818 
-2.0804789192653903 -3.0929051257533233 
-2.0676965265466554 -3.0769095028314593 
-2.0599177612465445 -3.0753230610921656 
-2.0423048242281463 -3.080263349373661 
-2.0249616535567223 -3.092547348772082 
-2.020836748938597 -3.0964152986224587 
-1.9995176747392391 -3.0715262537526407 
-1.987720521490001 -3.06743883411023 
-1.9827408060803082 -3.071187202506277 
-1.9741444067588494 -3.06820970012253 
-1.9624038710926526 -3.072661729004747 
-1.9543118089962597 -3.0615420134557114 
-1.9413821672153906 -3.062684615599664 
-1.9319050816488084 -3.040685885392906 
-1.9167726559339657 -3.0196278288024536 
-1.9091512315211039 -3.0194705400128163 
-1.9010861676093462 -3.022067306302481 
-1.8966862461600773 -3.0214540238846843 
-1.8864387467694395 -3.0289679423785487 
-1.882490541461852 -3.0194484593823447 
-1.8706920477246893 -3.0206602230009514 
-1.8600952461073148 -3.010745963284457 
-1.8496042201126226 -3.0087469949871664 
-1.8232191609570774 -3.000486106514888 
-1.815327573557731 -3.014969574986703 
-1.8088699339687742 -3.0138180331665096 
-1.8024370346850958 -3.007182910014248 
-1.7964911016250016 -3.010581112634631 
-1.7909980956759397 -3.007425573541411 
-1.7815577736738013 -2.9921364688416277 
-1.772900356378186 -3.0013777420173122 
-1.7669267030356475 -2.99139668306339 
-1.7636816218934 -3.0041898070773763 
-1.7519890555563689 -3.006881309067468 
-1.7452144402234064 -2.9953729716293864 
-1.737556490221832 -2.9901890351882683 
-1.731398178512683 -2.983548159904226 
-1.7218314367495178 -2.970842676795047 
-1.7140351931128464 -2.974614167279668 
-1.7031492111907758 -2.9717637540165622 
-1.694155953020523 -2.9783024415254173 
-1.6845213829972092 -2.977189510257877 
-1.6747930370135982 -2.9801587288152014 
-1.6664053657203057 -2.9691810649585593 
-1.6623224566037968 -2.9741528821763055 
-1.6562252848852468 -2.976323653275356 
-1.6528641424230432 -2.988139829618049 
-1.6481887884998152 -2.9755329523283174 
-1.642901352385321 -2.976866649210586 
-1.6364550745988025 -2.978100328234333 
-1.629438844421329 -2.9794053147037878 
-1.6263908933159519 -2.985624553343705 
-1.624763910317407 -2.981011546780109 
-1.613370007826042 -2.962779510238856 
-1.6064908414191839 -2.9727142717206654 
-1.6025116821265626 -2.976377617190872 
-1.596101770500644 -2.9707897770226683 
-1.5804796641973486 -2.9794629000685386 
-1.5785394984961163 -2.9736356655467118 
-1.5757289430047243 -2.980967528317773 
-1.5667267601545811 -2.96984678744388 
-1.556947578787526 -2.9546381266538813 
-1.5498726607626359 -2.9467185311544886 
-1.5383905198426016 -2.947168071233404 
-1.5358980038502716 -2.9594100862125523 
-1.5272277395574003 -2.9393991481320985 
-1.515309813443967 -2.9472011758390164 
-1.5095393107455966 -2.9470153060299 
-1.5035680824857474 -2.937900599147603 
-1.495207987081226 -2.9554053054529352 
-1.4882077881190225 -2.948361438637498 
-1.4775407868884978 -2.9367930592283398 
-1.471813445928917 -2.9216998943608066 
-1.4603747546095325 -2.929346410234422 
-1.451194092248513 -2.9197795903024275 
-1.4480673045376065 -2.933782904895029 
-1.4468008976005895 -2.932307864474312 
-1.443938604953521 -2.9374741272480183 
-1.4385272000326885 -2.932647297111107 
-1.4365419823087056 -2.933716759916267 
-1.4319645684440896 -2.9306030371565526 
-1.429028998419778 -2.918206655005846 
-1.4260354972873854 -2.9041030969915673 
-1.4249004083146282 -2.8994178765473593 
-1.419975590925935 -2.900988814643459 
-1.4178705190707148 -2.908301393820267 
-1.4140466744496998 -2.906830720882889 
-1.4094230021066005 -2.9074060701050177 
-1.4004834867570655 -2.9059659121187327 
-1.398934901963872 -2.8950294154795384 
-1.3902420790050363 -2.8844383301097185 
-1.3840216017926485 -2.873715729483324 
-1.379718419501569 -2.876878346924562 
-1.3772001913624572 -2.8746606545549893 
-1.376026842489101 -2.8727040668141868 
-1.3725336340413612 -2.876405747904547 
-1.3710699893874192 -2.8798858740496573 
-1.3686604157422029 -2.8840441388136275 
-1.3657735363278443 -2.8738424474074127 
-1.364646942910287 -2.8831365560552156 
-1.3612857345738532 -2.8787046789230266 
-1.3606186059892733 -2.8755038712212033 
-1.3570818634128117 -2.8694662677903557 
-1.3540805314677997 -2.864420618659548 
-1.352744284266945 -2.871139878935853 
-1.3524916566577598 -2.8718590976615954 
-1.3445529765568025 -2.8659993935700676 
-1.3402219016365398 -2.857048768741012 
-1.3386674376136387 -2.8621037418247552 
-1.3354867179389844 -2.863163609558449 
-1.3346847281866772 -2.859537574886585 
-1.3272016678463534 -2.853734934085304 
-1.3218681385230773 -2.8441852155841216 
-1.314390771542938 -2.8496303179513873 
-1.3100883658205797 -2.83947146043142 
-1.3059388966965668 -2.83493776023586 
-1.3037308746762646 -2.83276937239996 
-1.2997673529592733 -2.826725409863251 
-1.2952862457476566 -2.846384819089725 
-1.2944291988136156 -2.842194271946123 
-1.289871703057382 -2.8395793946308605 
-1.2885294930186901 -2.839750070580088 
-1.2883767919445386 -2.8367739788389246 
-1.2873412272438516 -2.8326536523993275 
-1.282363502265334 -2.821747787965442 
-1.2766214974660204 -2.818266019291897 
-1.2703372566422821 -2.8224408640939993 
-1.2692903215483475 -2.8145367102285825 
-1.262032674103048 -2.8030971261000044 
-1.2593883229411722 -2.8091389049832465 
-1.2538399721967768 -2.819173955936303 
-1.2519685534181284 -2.8171096528309714 
-1.2504643545462475 -2.8069964430742775 
-1.2463205646251492 -2.7875858925078703 
-1.2449139458972187 -2.7859226703712636 
-1.2398731041867468 -2.7909882924050198 
-1.2386862235795504 -2.7900326514395544 
-1.2379580654455713 -2.7882526544165405 
-1.237174297822704 -2.7880918542372344 
-1.2308565744273092 -2.778986197904957 
-1.230381900242033 -2.766656980023109 
-1.2265426903597711 -2.7647223572113617 
-1.2249645980964696 -2.7643285487352762 
-1.2169813629529351 -2.754425977970586 
-1.2114649078034527 -2.7522545647749213 
-1.2087455766541613 -2.7582759144193285 
-1.2062101313489182 -2.7600346688042827 
-1.2014402551906855 -2.7492562606266246 
-1.1933199464746065 -2.7534751402718447 
-1.1927735525234193 -2.758626707469257 
-1.1888211229824157 -2.757538907345653 
-1.1846967698431834 -2.7452667458124558 
-1.1811744249552847 -2.737529007031366 
-1.1797746238536237 -2.737310858076047 
-1.1760718806879062 -2.747866743960215 
-1.170167478988566 -2.7505198602654612 
-1.164328323954202 -2.7436049439173944 
-1.1626984258867594 -2.751200256031804 
-1.1615213986032236 -2.7452567878145517 
-1.1586754069281715 -2.752940223034743 
-1.1580092621138036 -2.7518654301193335 
-1.1526597337867532 -2.7573968155087103 
-1.1512280764068659 -2.758191610068199 
-1.1501787356532693 -2.7532540000124044 
-1.1450476792595499 -2.7425373218644546 
-1.142739403540799 -2.740050564173734 
-1.1414091022834936 -2.7311185909515623 
-1.139190346058733 -2.7264741092067357 
-1.1377862662654892 -2.72421528155319 
-1.136981097482943 -2.7200943875415895 
-1.136019977433996 -2.7198001260204716 
-1.1291569711201275 -2.7361053534013577 
-1.1274228093075895 -2.735471392735546 
-1.1216545563789204 -2.7244771506866003 
-1.1210100811048525 -2.711465128362556 
-1.1188403979056294 -2.7208655280968457 
-1.1088571557421343 -2.6984078117948913 
-1.1041718043269009 -2.7029457897670692 
-1.1014850050352876 -2.7023584994421643 
-1.1011662880607433 -2.699065411997009 
-1.1010943663116064 -2.6984549255756622 
-1.1001621144773237 -2.6995355034061266 
-1.0983140357223482 -2.6986412905429367 
-1.0971045041638492 -2.6899390433929415 
-1.0960088249117987 -2.684027746634926 
-1.0953356842404736 -2.6777380472063266 
-1.0937587207117028 -2.6697214008919232 
-1.093249358368501 -2.6690226092461202 
-1.0923688702896401 -2.6678804022304683 
-1.0915803272834077 -2.6807991700496703 
-1.0873036449944964 -2.679961681553738 
-1.0846919493977831 -2.686735115865083 
-1.0824656399530324 -2.69050460663729 
-1.0816073665821468 -2.69167421054526 
-1.079464969708165 -2.6942293289735746 
-1.0783615523470504 -2.671368468519568 
-1.075243420532174 -2.678512047090167 
-1.0719987230736896 -2.6784459488652987 
-1.0688028606855327 -2.678866258088698 
-1.0649029909867707 -2.6783431359590253 
-1.0621171776513734 -2.659545361591021 
-1.0611271747613162 -2.664405067495421 
-1.0591742802358222 -2.660349962093674 
-1.0543667444070581 -2.656328584896973 
-1.053266444343726 -2.6594864993772926 
-1.050068180521408 -2.673466013974904 
-1.0469013137532597 -2.670583578357468 
-1.0452734549347198 -2.667076686449843 
-1.0448515259687612 -2.664201803819544 
-1.037431483887211 -2.665625273958406 
-1.0360779799961823 -2.6732560076625544 
-1.035550744945262 -2.675108409233082 
-1.0350182815075932 -2.6739052639768204 
-1.0293258276822792 -2.666039924554908 
-1.0260123851993461 -2.666285116262764 
-1.0253306899873216 -2.665320707796079 
-1.0250619086573782 -2.6629214126555056 
-1.0244549335686186 -2.666527234230588 
-1.0171514414147644 -2.672642366816339 
-1.0162747532412277 -2.667416444685198 
-1.0102560763219834 -2.6664935016892106 
-1.0094849772804935 -2.6574173084204253 
-1.008813172446245 -2.6609554474040085 
-1.0062625953584714 -2.664775565863273 
-1.0031451291771085 -2.668650177668801 
-1.001415110204941 -2.6501653027904646 
-1.0005947420584398 -2.650859736221123 
-0.9991652355761709 -2.641989700666161 
-0.9986940839784075 -2.640846528250023 
-0.9973428064975209 -2.6422783786493604 
-0.9935828600821816 -2.6453568750801146 
-0.9923651373461456 -2.647503115673028 
-0.9894520896813508 -2.6378131389799586 
-0.9870750676737992 -2.648718499736297 
-0.9822420624047659 -2.662821065424117 
-0.9801197975425717 -2.6612274224197 
-0.9756618177133328 -2.657675996399022 
-0.9699224824680517 -2.6550805187175377 
-0.9696237141033164 -2.65251370931298 
-0.966637607727219 -2.650642554532014 
-0.9641025638122268 -2.6486347192046886 
-0.9606205007152188 -2.6447532488721857 
-0.9575320913479679 -2.664047986268137 
-0.9542113950672735 -2.647809209575395 
-0.9534673250668464 -2.6576591937187106 
-0.9474046683030753 -2.6595713847197207 
-0.9458417949351839 -2.6616674319334823 
-0.9452423770229319 -2.6686421903473865 
-0.9390105411065551 -2.6715135220018076 
-0.9387775739120396 -2.669104876446582 
-0.9365701344262168 -2.6564366261607106 
-0.933908373227671 -2.654980604439266 
-0.9265280943041734 -2.6485790355968306 
-0.9263217948756537 -2.6414982280395702 
-0.9253771787315801 -2.644455692132346 
-0.9227205518724629 -2.6461853385996297 
-0.9219482517098002 -2.6549383597153313 
-0.9211313599422051 -2.665973416344211 
-0.9211313599422051 -2.665973416344211 
-0.9204206863784585 -2.6561229611197934 
-0.9201498780010001 -2.653064972584623 
-0.9198009550350676 -2.645722585444659 
-0.9189193429378318 -2.647353271678115 
-0.9163946677497936 -2.6426086529504382 
-0.9149557600785214 -2.6481309374026667 
-0.9148535961434842 -2.649721191891875 
-0.9105900649500901 -2.646344890707058 
-0.9086872960428218 -2.647956363133472 
-0.9082396445433987 -2.657577633582954 
-0.9082396445433987 -2.657577633582954 
-0.9060227141858955 -2.655270748211225 
-0.9052187653762154 -2.6484931112181336 
-0.9047494526872402 -2.652485409226485 
-0.9044425309359411 -2.658734753038786 
-0.9040342737632369 -2.649550885643051 
-0.9028321149345644 -2.649347103134271 
-0.8923770826162267 -2.652829534151646 
-0.8916847598653398 -2.6494019985066077 
-0.8905429891124472 -2.652794331265437 
-0.8799712608055803 -2.6571475051434392 
-0.8794392390399427 -2.6577064923682867 
-0.8792126006658035 -2.6562936201745044 
-0.8767511555127652 -2.6482868395687498 
-0.8760024518638541 -2.6527353148301636 
-0.8735688561605957 -2.6617556637271838 
-0.8722597121670403 -2.6594750727805394 
-0.8708870968413288 -2.6501674417739363 
-0.8696465782400126 -2.6467392309217095 
-0.8693390272684602 -2.6410109365245096 
-0.8616762801988579 -2.6334730545382503 
-0.8609052069559276 -2.6183880900307708 
-0.8596344761472163 -2.621798899578187 
-0.8590482661960236 -2.635457702967912 
-0.8573036782538731 -2.619766341984689 
-0.8570938733273624 -2.6172486474104857 
-0.8556109309158949 -2.618889293493771 
-0.8523284007680703 -2.6238464084793254 
-0.8518048166307499 -2.631918022895134 
-0.8495750949507933 -2.6148644215976873 
-0.8421947193522559 -2.613328756938188 
-0.8394179925294306 -2.6094147155210012 
-0.8382599834602732 -2.623484264666958 
-0.837766586974478 -2.622520073644479 
-0.836457195824095 -2.6172251674413434 
-0.8358078849898785 -2.6185903340891383 
-0.8352611256424288 -2.6085817575585266 
-0.8342881459755187 -2.616934167042057 
-0.8305834275375766 -2.6126191475348963 
-0.8282842679528474 -2.611150533567693 
-0.8242842437048201 -2.6026674322295986 
-0.8206469002672332 -2.6020386653657916 
-0.8193838679672024 -2.599280652187621 
-0.8158945170969946 -2.597417890491852 
-0.8154298399637391 -2.6074475588000996 
-0.8083523679874208 -2.5950605776699196 
-0.8058723112468851 -2.5903524775501796 
-0.80415205130969 -2.5944816217713247 
-0.8029596575032151 -2.5971265822413807 
-0.799032895343748 -2.599273363039999 
-0.7986822522700141 -2.5975392091368907 
-0.7970836888446978 -2.587575111894904 
-0.7945670094533949 -2.6000425940765504 
-0.7939135645116648 -2.603527242390969 
-0.7917617753385936 -2.5952911715051608 
-0.7882522867584237 -2.5923181592976374 
-0.7871690274215322 -2.5903527096330974 
-0.7848134091582296 -2.592262360974632 
-0.7828309668576596 -2.579876690788279 
-0.7827708183745229 -2.5793472026761926 
-0.782619516192002 -2.5826721321479824 
-0.7819384976025386 -2.5869753799666566 
-0.7818155440859375 -2.585944279132769 
-0.7798293749496428 -2.594263431385409 
-0.7792159582042075 -2.5959057231438916 
-0.7785291167471663 -2.587851864611313 
-0.7769112807548291 -2.5855307902775397 
-0.7753262451052907 -2.585284842071289 
-0.7753262451052907 -2.585284842071289 
-0.7749394947185402 -2.5894416471905615 
-0.7743893652133705 -2.592889271504905 
-0.7742605511798757 -2.5936328320260813 
-0.7723948782908233 -2.596085726523036 
-0.7715023381397805 -2.587966881185235 
-0.7699741466431081 -2.5863749252738453 
-0.7695100285243849 -2.5870566962762256 
-0.7684787735467786 -2.5851894531119406 
-0.7682334888423215 -2.585099045145584 
-0.7659417956498582 -2.5933833321656286 
-0.7629651846409266 -2.601804003820158 
-0.7626481420788578 -2.6002111271586705 
-0.7563136741737339 -2.609611814240178 
-0.7542061220406615 -2.6075626611787577 
-0.7537175871740518 -2.607527395730035 
-0.7534226052239665 -2.6022181736851686 
-0.752123048128695 -2.6130697204607416 
-0.7520840889193082 -2.613455570046968 
-0.7517708610678283 -2.609382602481606 
-0.7511902500003975 -2.6006905811814747 
-0.7509812236199763 -2.603268583459792 
-0.750589387873182 -2.601274457375727 
-0.750589387873182 -2.601274457375727 
-0.7504099480195681 -2.594615920500865 
-0.7474866989269641 -2.595854137946102 
-0.7470965798637504 -2.600482347943458 
-0.7453970393549804 -2.604558192312801 
-0.7449560546814844 -2.602581697289862 
-0.7429057541988408 -2.592997735337866 
-0.7400099900687717 -2.580657071515733 
-0.7400099900687717 -2.580657071515733 
-0.7335768295204173 -2.588887071697943 
-0.7329675856673261 -2.5782849423311833 
-0.7318808545329896 -2.578819612079941 
-0.7315754617887521 -2.5818736059477585 
-0.731428309862944 -2.582270786367116 
-0.7297765292022099 -2.5873053995806936 
-0.7293095618768568 -2.5837846194743714 
-0.7280988142945424 -2.5897709844645007 
-0.725672668771399 -2.596923018901575 
-0.723915153669424 -2.591450693209235 
-0.7227994085382038 -2.6005073381864006 
-0.7223287388289659 -2.5985946554179327 
-0.7222356756924245 -2.5984920358765735 
-0.7220303287752642 -2.5945074899291467 
-0.7218665558502821 -2.5930643976406618 
-0.7202715446575338 -2.5930100512214 
-0.7172847457137901 -2.591700126846816 
-0.7164295781002086 -2.588146796954523 
-0.7156658053270039 -2.5899170650955683 
-0.7153234794404199 -2.5895048643525356 
-0.714308218160984 -2.5935567791813123 
-0.7136096490876875 -2.5993678438948806 
-0.7108544508755653 -2.5947529879385276 
-0.7094761028883287 -2.5907484712380593 
-0.7090252242457017 -2.5857855840533435 
-0.7079957269580692 -2.5877047944747793 
-0.7077947099581849 -2.58487420637048 
-0.7076875800516422 -2.586770001628264 
-0.7076821817301239 -2.586158679168047 
-0.7067590354320525 -2.58626889180733 
-0.7061079694771571 -2.5829949031774717 
-0.7061079694771571 -2.5829949031774717 
-0.7058816087949941 -2.5800223906495288 
-0.7055189885895574 -2.5829909375262643 
-0.7027934814664001 -2.5856719565240605 
-0.6988978263280428 -2.576585083625098 
-0.6971531671574936 -2.5786637080596972 
-0.6971531671574936 -2.5786637080596972 
-0.6957458906141564 -2.5793910723473505 
-0.6953554896724026 -2.5861177668068023 
-0.6941217044794861 -2.5783327111475596 
-0.6933870092106542 -2.5782058258619744 
-0.6928274675976198 -2.5745359691837297 
-0.6920454522989078 -2.5740973540429124 
-0.6918377610416947 -2.5846698357942812 
-0.690617579265547 -2.5805021339755556 
-0.6900819215671711 -2.5739073939104675 
-0.6884908645687039 -2.58343131029799 
-0.6844111933657451 -2.584355920953655 
-0.6835927887918166 -2.581827222734935 
-0.6832884399654214 -2.5775835566267404 
-0.6827712943528693 -2.5751990713035564 
-0.6819820654696299 -2.575419641064679 
-0.6813720888505945 -2.5732372289749277 
-0.6786999998683007 -2.5893234334668964 
-0.6785024959064433 -2.5924628964408614 
-0.6765614822268522 -2.578298484845966 
-0.676359289506152 -2.574818965209297 
-0.6759519325580994 -2.5741955143813264 
-0.6758605207019817 -2.574521257741428 
-0.6753743712941385 -2.580113072988074 
-0.6740052808043919 -2.5770359067582764 
-0.6732070339846492 -2.5784143128461943 
-0.6732070339846492 -2.5784143128461943 
-0.6726416442285593 -2.575128942651911 
-0.6726416442285593 -2.575128942651911 
-0.670441742374811 -2.568048632403088 
-0.670295951312777 -2.5644787947272385 
-0.6700900225207258 -2.564891913998201 
-0.6694042976547518 -2.560817494283813 
-0.6688443705717955 -2.5532654437552917 
-0.6687669836262625 -2.5475454164572806 
-0.667668599612794 -2.5672053445520238 
-0.6665386946900954 -2.5641875945638044 
-0.6663570690567571 -2.5492719918238964 
-0.6658748532729285 -2.5544852097137936 
-0.6651033031745526 -2.5507421742735423 
-0.6637361167132596 -2.5481870539844707 
-0.6637361167132596 -2.5481870539844707 
-0.6615589527154851 -2.545078478209027 
-0.6614920433910481 -2.543305339165023 
-0.6611371802158698 -2.5395208069126003 
-0.6575932192202149 -2.535716586184754 
-0.6558705984248443 -2.537577036878458 
-0.6543100165030762 -2.5374020988326422 
-0.6523413413581421 -2.5392487722435177 
-0.6515232094065432 -2.5370215812903076 
-0.6510000028015033 -2.5369280083126875 
-0.6504111427647784 -2.541200955899305 
-0.6482439813790496 -2.5348527703130848 
-0.6470520524858726 -2.5272336173082097 
-0.6464639999539508 -2.5240787464626524 
-0.6430580225988963 -2.5166041188930968 
-0.6425936269051874 -2.512038164560588 
-0.6410005649116505 -2.5195123654600815 
-0.6380015100136102 -2.523036023714281 
-0.6375255243412711 -2.525916907957515 
-0.6366578368973123 -2.516518633978444 
-0.6355257246649726 -2.507644934376245 
-0.6355257246649726 -2.507644934376245 
-0.6343555939627127 -2.50411410430088 
-0.6337144012044797 -2.5111951479023187 
-0.6335042849781705 -2.5094916624294434 
-0.633026497796098 -2.5132312172671134 
-0.6326159723264488 -2.5149028233246327 
-0.6320923178036494 -2.5261028250378796 
-0.6311652985564532 -2.5262044533041013 
-0.6305788215285605 -2.5232911254594343 
-0.6301272826044311 -2.5224973523902836 
-0.6297795195770644 -2.5122912384486926 
-0.626477693705394 -2.50877739865474 
-0.6261077411668141 -2.5069021480946625 
-0.6259950186190243 -2.5087798826162313 
-0.6259950186190243 -2.5087798826162313 
-0.6251633405243704 -2.505398983780538 
-0.6248876809680781 -2.5053416385094254 
-0.6243086457959631 -2.5093626019729487 
-0.6129390802933967 -2.5045732701092334 
-0.6020876569211833 -2.5135320313331277 
-0.5969400066684658 -2.5166812657077258 
-0.5900491545859669 -2.5170412852939528 
-0.5898257166720401 -2.5169357595097916 
-0.5898257166720401 -2.5169357595097916 
-0.5898257166720401 -2.5169357595097916 
-0.5897580759793993 -2.518214557186192 
-0.5893825179037164 -2.514798996600901 
-0.5881881177350812 -2.5113371426379913 
-0.5877220148336363 -2.5150677931946985 
-0.5869456267798447 -2.513510719745356 
-0.5860654853500687 -2.511958444875058 
-0.5860374373768152 -2.511971620681081 
-0.5854994745904206 -2.5161957395577597 
-0.5850636096940306 -2.518945681484405 
-0.5845416725106181 -2.5172660179388027 
-0.5844434194292102 -2.514738201552697 
-0.5839747230199807 -2.5185030812482467 
-0.5838949709116211 -2.5255126061519504 
-0.5831590031101072 -2.515838199131999 
-0.5826731521520455 -2.516039479071292 
-0.582103221982782 -2.50960605350924 
-0.5815829062878439 -2.5069798877011378 
-0.5812365102711702 -2.508516473335699 
-0.5811733789580389 -2.5069668198228894 
-0.581117283011532 -2.5121652062761433 
-0.5805557666004801 -2.5226228882962194 
-0.5799126540978463 -2.515915486313665 
-0.5799126540978463 -2.515915486313665 
-0.5799126540978463 -2.515915486313665 
-0.57850296685114 -2.510417011589534 
-0.5782173570642367 -2.518693624192946 
-0.5779496026923036 -2.5196499616919854 
-0.5773008169974853 -2.518478545034724 
-0.5769957397935951 -2.5165621229437494 
-0.5748943692238371 -2.5144699350352053 
-0.5748943692238371 -2.5144699350352053 
-0.5738927593699368 -2.517227680397261 
-0.5727239681240591 -2.516140925602499 
-0.570059661544955 -2.5163757812887915 
-0.5661387669713611 -2.516559503925236 
-0.5659422537089492 -2.524345348974558 
-0.5657389639134965 -2.5225041191369924 
-0.5652401937971168 -2.5190213378906288 
-0.5650550910398512 -2.5198985475996114 
-0.5650188225252096 -2.5172066892100764 
-0.5648680129587267 -2.520949555127851 
-0.5641039930611796 -2.5188462020464626 
-0.5638711248663598 -2.5182989504399247 
-0.5636129532158684 -2.5143562423505963 
-0.5632908503016778 -2.517897339913281 
-0.5631631974787071 -2.516947528393281 
-0.5627188513679264 -2.5201216146111376 
-0.5621443587220117 -2.5200351720377294 
-0.5621443587220117 -2.5200351720377294 
-0.5611267474056268 -2.5328664856734155 
-0.5611267474056268 -2.5328664856734155 
-0.5609770406467862 -2.532721079161648 
-0.560833487222002 -2.532724895503981 
-0.5585254747398664 -2.5420324351528882 
-0.5575881952701291 -2.534814547770106 
-0.5574983186571381 -2.531444055953821 
-0.556871927282411 -2.5210335510543898 
-0.5567040943014812 -2.519582614737931 
-0.5564199014908527 -2.5116088712510862 
-0.5560448152308618 -2.512239608995896 
-0.5547422327245516 -2.5131488524219145 
-0.5519243027338793 -2.5191602643025712 
-0.5512939931814066 -2.5162648016387634 
-0.5510682172687603 -2.5203294530716644 
-0.5507756974258583 -2.519768890774094 
-0.5502558704565972 -2.5170523629650936 
-0.5499063893845103 -2.5127406330165636 
-0.549697087305028 -2.504000764637713 
-0.5495857920430032 -2.502865012150124 
-0.5490069870643847 -2.502944267756992 
-0.5488282946996154 -2.5096014565843014 
-0.5481956235507358 -2.5168224761180333 
-0.5470350798493552 -2.515244376891881 
-0.5467055030336931 -2.5088339095504977 
-0.5459717331931667 -2.506416194188738 
-0.5459717331931667 -2.506416194188738 
-0.5450519383233373 -2.5113389669035286 
-0.5447077210164197 -2.51174130696665 
-0.5445083107985095 -2.5131083118939106 
-0.5440207673149206 -2.514773127961124 
-0.5430238507481118 -2.516191883311734 
-0.5426041807574069 -2.512889800829889 
-0.5417028206728707 -2.514634642246632 
-0.5415769604076804 -2.51583037237487 
-0.5415769604076804 -2.51583037237487 
-0.5414327851563153 -2.516060536336057 
-0.5410059384837571 -2.518293616050388 
-0.5397061494958916 -2.519075189910994 
-0.5394441168548377 -2.5167207881693363 
-0.5381329730931295 -2.5139880518423 
-0.5377166531965699 -2.5085350123668007 
-0.5373169310216686 -2.5126332174759445 
-0.537105504091141 -2.5116326200571737 
-0.5370040986528275 -2.510522395452601 
-0.5367612533981528 -2.509866339281077 
-0.5364914164252181 -2.5075722083832943 
-0.5364914164252181 -2.5075722083832943 
-0.5363159206712336 -2.5046312161982613 
-0.5362134318019535 -2.5022022947944325 
-0.5356969256574082 -2.497190035111101 
-0.5341948190303349 -2.5003072076438926 
-0.5340767834115743 -2.5032107591556003 
-0.5339220918106264 -2.5052313570031752 
-0.5335445924237807 -2.5087885714161957 
-0.5333727225433562 -2.508202469790853 
-0.5329079403503901 -2.501700216451782 
-0.5328497878582018 -2.5048370373174738 
-0.5316439485910397 -2.5107453770673422 
-0.5308840834743026 -2.514602524897228 
-0.5306219528056596 -2.511836031080135 
-0.5302839088878296 -2.5124170220020345 
-0.5302839088878296 -2.5124170220020345 
-0.5302839088878296 -2.5124170220020345 
-0.5298995891074338 -2.506652104393392 
-0.5297776379451802 -2.5111817530694585 
-0.5282603634917609 -2.5149985071448264 
-0.5279707921615451 -2.5103308925504417 
-0.5277073631760619 -2.504510536259559 
-0.5276453756798255 -2.499981184578407 
-0.5274421926668396 -2.4997262930313533 
-0.5274421926668396 -2.4997262930313533 
-0.5273472211677257 -2.5017761026070744 
-0.5273068632506555 -2.500730953611473 
-0.5265614429302138 -2.4980243052933018 
-0.5263215073846195 -2.501883083086431 
-0.5263215073846195 -2.501883083086431 
-0.5261584855559063 -2.4993207150315615 
-0.5259729237789234 -2.4990706227009274 
-0.525941756983137 -2.4980735366454665 
-0.524073890590104 -2.4910214950195306 
-0.5238183596295821 -2.490105355100748 
-0.5235017180126341 -2.490494263007549 
-0.5234004430490298 -2.4916083229479007 
-0.5233333959271882 -2.4904641691996603 
-0.5230252155967767 -2.497998855105852 
-0.5229423723723373 -2.5010898659485203 
-0.5228050245672252 -2.499274820264184 
-0.5224241068746411 -2.505753679227181 
-0.5218494819546539 -2.5015740692148865 
-0.5217193245846898 -2.504016457216726 
-0.5212937055051947 -2.499396404782191 
-0.5212937055051947 -2.499396404782191 
-0.5208169286421326 -2.501326915163453 
-0.5197026109737964 -2.497599515059165 
-0.5194867045896557 -2.4951530024934714 
-0.5188406357784783 -2.487981123888704 
-0.5183933076815672 -2.4986281843692333 
-0.517894218878785 -2.497489506702263 
-0.5177442661494094 -2.493587942903527 
-0.5174844665399897 -2.502602443742921 
-0.5152645970272378 -2.4959711695645184 
-0.5142989201926815 -2.4981946473217667 
-0.5130191152824463 -2.502384157832366 
-0.512852534772855 -2.5016093314558105 
-0.5126296434047826 -2.4995566849354827 
-0.5126296434047826 -2.4995566849354827 
-0.512389395079856 -2.4879736864954705 
-0.5114395342353929 -2.4950051189391544 
-0.5108046902645389 -2.4920766772528693 
-0.5106450901376199 -2.4926813001542705 
-0.510457444531921 -2.4898195360995534 
-0.5094123850335046 -2.4910543328429697 
-0.5091980248105034 -2.4925852178284424 
-0.5087928409596661 -2.4886831877757984 
-0.5084354850036406 -2.4903418035386675 
-0.5082551985626157 -2.4918812312726515 
-0.507169668126186 -2.484596288733226 
-0.5068719336990629 -2.4707138072721895 
-0.5066970378829713 -2.471984353882736 
-0.5061883402152849 -2.470786557265338 
-0.5058334078417351 -2.473093434589662 
-0.5054740783397645 -2.4771039933293784 
-0.5053911225153972 -2.4784933859474125 
-0.5048829995265482 -2.4753683876072508 
-0.5047053796584406 -2.4744779855423373 
-0.5045613236328932 -2.4745320014355685 
-0.5045613236328932 -2.4745320014355685 
-0.5039419456131199 -2.479649813061866 
-0.5036562067808251 -2.4855486137618423 
-0.5036562067808251 -2.4855486137618423 
-0.5032743103425282 -2.4874063527336867 
-0.5031418829152365 -2.485485723155222 
-0.5022315287910464 -2.485778512498345 
-0.5018002690245649 -2.493477739822051 
-0.5017032956652517 -2.489196202265651 
-0.5015095690628478 -2.4934511726028337 
-0.5013881929636087 -2.4923190103909016 
-0.5013297154836898 -2.493740540910779 
-0.500644306553668 -2.48981377100213 
-0.5003773625472242 -2.4945773458087697 
-0.5002885484975751 -2.486393394181469 
-0.5002885484975751 -2.486393394181469 
-0.5000614599792115 -2.4965956798355693 
-0.5000614599792115 -2.4965956798355693 
-0.4998196290978002 -2.4987966286424252 
-0.4998196290978002 -2.4987966286424252 
-0.4991643149471882 -2.503195273626276 
-0.4986577749384268 -2.504860242985039 
-0.4984104982500518 -2.5036459521961385 
-0.4982604880348587 -2.5057944996949684 
-0.4982604880348587 -2.5057944996949684 
-0.4976800159778049 -2.501897139176365 
-0.4976800159778049 -2.501897139176365 
-0.4968638135370031 -2.501144142472391 
-0.4964720373919955 -2.4927581285216713 
-0.49441151453081345 -2.489167262202195 
-0.493082956190155 -2.4866857024115263 
-0.493082956190155 -2.4866857024115263 
-0.49264250886718725 -2.485022611691268 
-0.4925500560018471 -2.486529813585996 
-0.4924600622255622 -2.4853753435688466 
-0.4924600622255622 -2.4853753435688466 
-0.49204245841163585 -2.4823729547173525 
-0.4919136400959277 -2.4849927902431785 
-0.49134879787897506 -2.4848033622826184 
-0.49132508658765817 -2.486239951304572 
-0.4908440428948777 -2.4810151024827167 
-0.4893817180871292 -2.48425693626464 
-0.4893817180871292 -2.48425693626464 
-0.48902310234389806 -2.4916165088605404 
-0.4887553680689857 -2.487548333685748 
-0.4885957114970246 -2.4889747517588683 
-0.48811771482378824 -2.4901461086000367 
-0.48798533050602044 -2.490681982095187 
-0.48798533050602044 -2.490681982095187 
-0.4879503184872374 -2.484703538911742 
-0.48765656314203415 -2.4861575772606734 
-0.4871691847782797 -2.479633431556941 
-0.4858779939008214 -2.478306966806008 
-0.4854634677525606 -2.4841815624361683 
-0.4854634677525606 -2.4841815624361683 
-0.48540176221140297 -2.484628034188752 
-0.48455796918071864 -2.491204594864312 
-0.48396241855176986 -2.4933944178725924 
-0.4838023046930259 -2.4924534501863644 
-0.4835582859464253 -2.493662929566784 
-0.48325094207136987 -2.497834111129121 
-0.48300451723658694 -2.5015863322644765 
-0.48237626277500134 -2.493691744854783 
-0.47807997802304836 -2.4884513412259497 
-0.4778026514508772 -2.491456803144009 
-0.47770959559379966 -2.4921709442111735 
-0.4776849316401679 -2.494775198533794 
-0.4774482826219185 -2.500787432895142 
-0.4774482826219185 -2.500787432895142 
-0.477368980928538 -2.4998073655586315 
-0.47724544280495246 -2.4901976447636813 
-0.47681174996350767 -2.4935802758051793 
-0.4767851659526751 -2.4909557896101147 
-0.4767695687234042 -2.488454754793318 
-0.4767056468728786 -2.493005406152 
-0.4764311325403141 -2.4955654101343647 
-0.47612250274338264 -2.4934916722135254 
-0.4756054739495701 -2.4890692842071593 
-0.4755331150152064 -2.491318221365706 
-0.47549653188003177 -2.4905095722905566 
-0.4752349482908455 -2.4872426058823125 
-0.4749923931530058 -2.4873770919424483 
-0.4745562068524434 -2.4846056007077055 
-0.47442894635563615 -2.4936369821724322 
-0.47429555803775975 -2.4877298155099252 
-0.4742008013612739 -2.4866706564665675 
-0.4742008013612739 -2.4866706564665675 
-0.4742008013612739 -2.4866706564665675 
-0.4734309809464535 -2.4818786050766932 
-0.4715105739065237 -2.477119611376669 
-0.47132627648532877 -2.476088049850475 
-0.4710396878315825 -2.478366122568624 
-0.4708146384067726 -2.478978398108288 
-0.470498287125342 -2.482699762619641 
-0.47019008403765183 -2.4847527561843643 
-0.46800990562921996 -2.480645275877148 
-0.46792954596577213 -2.479626119516363 
-0.4672621484107197 -2.4838888775475785 
-0.46718570083800387 -2.4811777822919963 
-0.4665569630650466 -2.4855692274604797 
-0.4664698723595411 -2.4844599910478706 
-0.46624664189169795 -2.4850906976311338 
-0.4662270083597258 -2.4871303011264687 
-0.4655572351975614 -2.479333013179195 
-0.46550177323406927 -2.4787602897382617 
-0.4652025427088085 -2.4826392640261505 
-0.46490796923787997 -2.481834270321726 
-0.46461102442325786 -2.4797364156803345 
-0.46428032659442575 -2.482979565604345 
-0.4641149409649487 -2.481735846318365 
-0.4637201220106954 -2.484577525840179 
-0.46358413567686707 -2.480813033706382 
-0.46358413567686707 -2.480813033706382 
-0.4632195120245722 -2.481656418427535 
-0.4631688588602932 -2.4791070465684233 
-0.4630421691580675 -2.484305828526034 
-0.46270651653202893 -2.476810184014899 
-0.46255345360342204 -2.4753460569811576 
-0.4618356102465029 -2.4815764290803295 
-0.46171251429578253 -2.4602152127270784 
-0.46118821534931453 -2.473158756912344 
-0.4609848331150447 -2.4744300523163827 
-0.46091962706392314 -2.4722920234430825 
-0.4606899913666432 -2.476637467540173 
-0.4600270149933585 -2.4802996922252993 
-0.4577144965377743 -2.4692779592034197 
-0.4577144965377743 -2.4692779592034197 
-0.45764453516753983 -2.4685881164006633 
-0.457547135554676 -2.4712512999709157 
-0.45695144397038134 -2.480147727659056 
-0.4568776780738306 -2.478710817592435 
-0.45641913464509803 -2.4802398700151778 
-0.45627968081266945 -2.478973150782361 
-0.45579714965937623 -2.480634908092111 
-0.45546954933177597 -2.4811982605049425 
-0.455443067282822 -2.4802159718426244 
-0.455087432796704 -2.476424196894746 
-0.454961330548224 -2.474316340155191 
-0.454923110510004 -2.4766228118752607 
-0.4540409357368261 -2.476880759688031 
-0.4540106629792806 -2.4760056430379076 
-0.4536791102803375 -2.4680142150247373 
-0.4535070812353126 -2.466445452715809 
-0.45332697292339114 -2.470762793627109 
-0.4521602892310934 -2.4732679499491943 
-0.4515915421662371 -2.467632827207426 
-0.45136425066568436 -2.46571289153978 
-0.45136425066568436 -2.46571289153978 
-0.45136425066568436 -2.46571289153978 
-0.45108660846724047 -2.4676339967302603 
-0.45097863105049635 -2.471710256621851 
-0.4506839026117042 -2.474608413466686 
-0.45039140231920394 -2.4744162232029367 
-0.45018429004455096 -2.4750869310944004 
-0.4479694025412292 -2.4757527485207094 
-0.4477912933569518 -2.481574194343835 
-0.44769085717697016 -2.4816915162439286 
-0.44751153666271776 -2.48622321515266 
-0.44721980960983465 -2.4909721153176645 
-0.4472104926124712 -2.4918085631546205 
-0.44714971544927906 -2.4909380133579173 
-0.44672565354220656 -2.490719500824368 
-0.44633684654136263 -2.4858189846278127 
-0.4460857223990911 -2.4885864064000627 
-0.4460687459115264 -2.484321930295692 
-0.44578091599219455 -2.483821790483344 
-0.4454641002482122 -2.4845375921722597 
-0.4454641002482122 -2.4845375921722597 
-0.44506641561260496 -2.485918368772497 
-0.44496632427530436 -2.485777504417129 
-0.44496632427530436 -2.485777504417129 
-0.4446560509280825 -2.4898822079178213 
-0.44417556240806366 -2.48599905806274 
-0.4441056129140567 -2.4839602476224703 
-0.44392696840133855 -2.485432079391717 
-0.4430334908108712 -2.4908350561222217 
-0.44272355736210434 -2.486615546962177 
-0.4423879480008261 -2.494454798046265 
-0.4400082878952997 -2.4940872395507587 
-0.4396713077081874 -2.496062577569086 
-0.4396125100165394 -2.4951620297029224 
-0.439555155860671 -2.5044750654508032 
-0.43866667898727874 -2.5028265248741315 
-0.43788164363225995 -2.5046385882768853 
-0.43788164363225995 -2.5046385882768853 
-0.4371071063196282 -2.506356646239653 
-0.436772510260356 -2.510340084913482 
-0.4351664339431709 -2.511073880045802 
-0.4325593959375911 -2.512069254341951 
-0.4325593959375911 -2.512069254341951 
-0.4323642181166815 -2.5134150023198902 
-0.43221648411742236 -2.511337614673096 
-0.4321135775463137 -2.5122056071463406 
-0.4316103403202296 -2.5064045030284388 
-0.43152765728525194 -2.5051636039711345 
-0.43128199218871655 -2.500497355539443 
-0.4312094703367375 -2.5034008467014783 
-0.4308542836733672 -2.50571908499612 
-0.4306733699552274 -2.5050372878551435 
-0.4306733699552274 -2.5050372878551435 
-0.4301363151285108 -2.517022237930446 
-0.42938629463947997 -2.516109680924967 
-0.4292968810590241 -2.518768854876748 
-0.4292968810590241 -2.518768854876748 
-0.4292968810590241 -2.518768854876748 
-0.4291741289343496 -2.5130383386527497 
-0.42836328375551497 -2.510869832699102 
-0.4277203089563442 -2.516013136228036 
-0.42752381313633947 -2.5187789797468296 
-0.42752381313633947 -2.5187789797468296 
-0.42734459991259627 -2.5200782473810452 
