-10.539771183908826 -3.3291154589109615 
-10.644421254781715 -2.9542115721690623 
-10.498410024471156 -2.6633383374575414 
-10.567900638855674 -2.417668520738875 
-10.630691223171631 -2.195281624698327 
-10.26543718925729 -2.0289582329768407 
-10.433878825984975 -1.877480000687013 
-10.280828680596347 -1.7383185429705246 
-10.047125647552065 -1.6344609133356778 
-10.087125467744821 -1.536050796943804 
-10.118117130710216 -1.4310642518571048 
-10.1332323373109 -1.353227063769873 
-10.127193155908587 -1.300815446194527 
-10.013567624199768 -1.2459060109706488 
-10.038176965131616 -1.194779419618589 
-9.860643888568479 -1.1506224663469649 
-9.845059717286748 -1.1198776002197823 
-9.949301922229944 -1.0904351390474518 
-9.980152776633254 -1.0564098306153298 
-9.965172118972008 -1.0370707325547628 
-9.919519028631107 -1.0092520601369652 
-9.859706496975598 -0.9888342114561178 
-9.885991711565673 -0.9696090886149743 
-9.865281152889604 -0.9483059254749948 
-9.806180912902567 -0.9302243654738944 
-9.795851221931649 -0.9162748414105326 
-9.938171570491397 -0.9002662170628905 
-9.914763793498242 -0.8820033618965485 
-9.904328756970214 -0.8704820641330813 
-9.899008157944511 -0.8667950043999698 
-9.873159512375691 -0.8601088003905226 
-9.859489279512461 -0.8501557216281423 
-9.86732553003515 -0.8428106707138314 
-9.863704939009079 -0.8335361801718242 
-9.824728101710512 -0.8252418218927235 
-9.807867523845703 -0.8206230320440354 
-9.784587236893705 -0.8114600220547927 
-9.80613379726476 -0.8040063080531213 
-9.791474403251692 -0.8004791112033959 
-9.811264662774947 -0.7959865179222981 
-9.836004506701766 -0.7892886391994869 
-9.842529713130434 -0.7857565432205141 
-9.825761036538307 -0.781156871708278 
-9.850481165779469 -0.777357410041027 
-9.792824150343437 -0.7723036581855769 
-9.775468142531976 -0.7659715856784534 
-9.80735168221688 -0.7636590916203424 
-9.82577199002969 -0.7612400187227057 
-9.793325438532044 -0.7588288913971131 
-9.773073168989898 -0.756385773012335 
-9.767669000462519 -0.7552708046242356 
-9.791471527899104 -0.7526131700120606 
-9.78423337678065 -0.7496860097268705 
-9.782223941633402 -0.7471605313530751 
-9.753302683365854 -0.7432176842107712 
-9.718846010040792 -0.7413720087563952 
-9.728797178919713 -0.7393804240851084 
-9.717023539225922 -0.7368783092327424 
-9.72156170000056 -0.7361456083854582 
-9.735319565602442 -0.7345068766103662 
-9.73441682477986 -0.7315277088229801 
-9.728353854713923 -0.7302672277803892 
-9.717831229773843 -0.7280599068150396 
-9.714744673852891 -0.7251173668657503 
-9.703018186006899 -0.7234671101844689 
-9.70056567717742 -0.7208304143860162 
-9.716030847646907 -0.7191238328634444 
-9.728407883603305 -0.7185652381214784 
-9.715067098012726 -0.7169527602290777 
-9.7231470782913 -0.7148449624873005 
-9.7109979000772 -0.7138162981398221 
-9.706899765495328 -0.7115700664390143 
-9.703515112515058 -0.7110449720756656 
-9.703593880635044 -0.7099527728439408 
-9.697023444804579 -0.7090153351574175 
-9.698961426743589 -0.7083094000253343 
-9.711981841290502 -0.707732561823855 
-9.71175405825346 -0.7070843916353239 
-9.71859927309982 -0.7051060318655883 
-9.698001873863554 -0.7037062255152433 
-9.713577248716227 -0.7012734650159316 
-9.682527103622505 -0.700858489863371 
-9.67453557487493 -0.6999761407496051 
-9.676267048775797 -0.6987780374010112 
-9.679872690918002 -0.698158441372982 
-9.678655424579961 -0.6966482245591938 
-9.673964058010233 -0.6959114152930453 
-9.671700730390176 -0.6958010376427382 
-9.672911277338795 -0.6951815147852521 
-9.671110165734087 -0.6947922085012653 
-9.664627123728103 -0.6945994466405292 
-9.664879951817571 -0.6941379587812638 
-9.66167680982237 -0.6932897555355891 
-9.65681295413123 -0.6928267885491523 
-9.655694067375933 -0.6924407171860143 
-9.658641545285588 -0.6916325671807301 
-9.651920337139764 -0.6915918532627956 
-9.646289580306844 -0.6911137765125878 
-9.647361624700533 -0.6909588992958522 
-9.650147367860932 -0.69018004309646 
-9.646694127773397 -0.6891782320597196 
-9.646694127773397 -0.6891782320597196 
-9.646367558785025 -0.6885056675767596 
-9.646367558785025 -0.6884641609107756 
-9.63959229306528 -0.6875711095985269 
-9.656176028605861 -0.6873647484320816 
-9.652233740117339 -0.6869265651753408 
-9.651250991603474 -0.6864006011492917 
-9.652604352061187 -0.6854215986306093 
-9.651735400049992 -0.6850381003647004 
-9.649796289702673 -0.6846073901747406 
-9.636167261557048 -0.6832624393370506 
-9.633494123701276 -0.6827230307813824 
-9.628143775753918 -0.6815884515776879 
-9.630375683738126 -0.6808308564819514 
-9.631698785906687 -0.6792673767172227 
-9.631698785906687 -0.6792673767172227 
-9.631837353432255 -0.6786200367014199 
-9.62073807362487 -0.6774156871984691 
-9.621631149346042 -0.6773691438291545 
-9.629781515578067 -0.6764825042711067 
-9.566401620719448 -0.6760848277261312 
-9.568244976577533 -0.6758798075665978 
-9.570601172206333 -0.6754442045208409 
-9.569731766065125 -0.6740356534821361 
-9.560689119919282 -0.6728278701990124 
-9.565974021270614 -0.6715015707670736 
-9.569656865252085 -0.6709512364753086 
-9.569656865252085 -0.6708827571175234 
-9.579311816534233 -0.6702182609031302 
-9.579311816534233 -0.6702182609031302 
-9.575576707295689 -0.6700359803717545 
-9.575576707295689 -0.6700359803717545 
-9.575576707295689 -0.6700339603213163 
-9.574221123303067 -0.6696078155430999 
-9.574221123303067 -0.6696078155430999 
-9.570794874126962 -0.6685496144493925 
-9.577108005440094 -0.6683809116004443 
-9.577108005440094 -0.6683809116004443 
-9.580154621400146 -0.6682251504714409 
-9.580154621400146 -0.6682251504714409 
-9.583742238522634 -0.6681582275544108 
-9.578611237343042 -0.6670488406440157 
-9.578611237343042 -0.6670488406440157 
-9.57948568459871 -0.6665803373736977 
-9.57948568459871 -0.6665803373736977 
-9.57948568459871 -0.6665803373736977 
-9.57948568459871 -0.6665803373736977 
-9.572730195772474 -0.6660359417566017 
-9.57693920626079 -0.6657672228372077 
-9.580667976478084 -0.6653260358982634 
-9.581551326050157 -0.6649596947131077 
-9.581551326050157 -0.6649596947131077 
-9.574293828420181 -0.6645761921562197 
-9.5748774033526 -0.6643198707772318 
-9.5748774033526 -0.6640059371760719 
-9.575501697754913 -0.6638344532378787 
-9.57688694164155 -0.6631978203404904 
-9.576447767289332 -0.6630488008623525 
-9.57870356353931 -0.6627393538181262 
-9.574797151152055 -0.662320040461613 
-9.573606092176211 -0.6612963010431321 
-9.573606092176211 -0.6612963010431321 
-9.570187430618589 -0.6609576966830328 
-9.573657170984852 -0.6607997536514747 
-9.573657170984852 -0.6605840828563597 
-9.573961483654667 -0.6599153546051184 
-9.583953755096182 -0.6595450071288509 
-9.58349461827341 -0.6594348895269847 
-9.58349461827341 -0.6594348895269847 
-9.587030225381135 -0.6590695190797471 
-9.586112514098529 -0.6585340919637688 
-9.586112514098529 -0.6585340919637688 
-9.58197092339376 -0.6582651490199939 
-9.58197092339376 -0.6581240432298069 
-9.58197092339376 -0.6581240432298069 
-9.580732995418904 -0.6576715190837665 
-9.580732995418904 -0.6576715190837665 
-9.58405122216532 -0.6576485547783638 
-9.587489440498642 -0.6570721839713751 
-9.587204619846405 -0.6565102684305871 
-9.589586289143998 -0.6564660324896956 
-9.584650315472016 -0.6560401397768746 
-9.584650315472016 -0.6560401397768746 
-9.586475441123294 -0.6553785204474138 
-9.58629557051939 -0.6552463571802947 
-9.587573274583471 -0.6547816050805223 
-9.58705718860227 -0.6546073703323392 
-9.592992454938862 -0.6543115389694434 
-9.591763320652493 -0.6535988374204056 
-9.587371803294996 -0.6535421360711563 
-9.587371803294996 -0.6535421360711563 
-9.58911964290088 -0.652871179170931 
-9.58911964290088 -0.652871179170931 
-9.584089424839588 -0.6527287761100662 
-9.584089424839588 -0.6527287761100662 
-9.581999651840347 -0.6521974682572117 
-9.581999651840347 -0.6521974682572117 
-9.578023096840873 -0.652141534408365 
-9.578195311545322 -0.6520677429018968 
-9.578195311545322 -0.6520677429018968 
-9.580481846673564 -0.6518539769297887 
-9.58230765741777 -0.6518239773819371 
-9.580128902707543 -0.650748788882667 
-9.573706586356638 -0.6501567877037449 
-9.572009794947537 -0.6500460760027208 
-9.568603829223628 -0.6499926599082986 
-9.566156784526097 -0.6496198163770205 
-9.566156784526097 -0.6496198163770205 
-9.566156784526097 -0.6496198163770205 
-9.56770407025337 -0.6494249075553136 
-9.570019681825642 -0.6489936953287729 
-9.570019681825642 -0.6489936953287729 
-9.5687715123514 -0.6488773329789967 
-9.5687715123514 -0.6488773329789967 
-9.567135587889391 -0.6484338105527262 
-9.567135587889391 -0.6484338105527262 
-9.573379317326237 -0.6483377983936943 
-9.56983367048803 -0.6482948778156603 
-9.56983367048803 -0.6482948778156603 
-9.57218323160508 -0.6477222986613429 
-9.57218323160508 -0.6477222986613429 
-9.57218323160508 -0.6477222986613429 
-9.57218323160508 -0.6477222986613429 
-9.558435856750606 -0.6474334352107315 
-9.562635117711757 -0.6473722956131417 
-9.560999193249744 -0.6473417891891173 
-9.560999193249744 -0.6473417891891173 
-9.559205148234058 -0.6472978498587895 
-9.559205148234058 -0.6472978498587895 
-9.555216039782067 -0.6467059829376277 
-9.558072260105487 -0.6466774575233302 
-9.558072260105487 -0.6466774575233302 
-9.55932437533114 -0.6465564682545842 
-9.556468155007721 -0.6462142646157355 
-9.554839642240598 -0.646002633337815 
-9.554653107907722 -0.6459467087759009 
-9.554653107907722 -0.6459467087759009 
-9.54764995463201 -0.6451574654881144 
-9.54764995463201 -0.6451574654881144 
-9.54764995463201 -0.6451574654881144 
-9.54600398967894 -0.645126931796843 
-9.54600398967894 -0.645126931796843 
-9.54600398967894 -0.645126931796843 
-9.54600398967894 -0.645126931796843 
-9.54600398967894 -0.645126931796843 
-9.54600398967894 -0.645126931796843 
-9.543016560454639 -0.644927801218063 
-9.54463377211845 -0.6448575509748729 
-9.54463377211845 -0.6448575509748729 
-9.54463377211845 -0.644834611713603 
-9.53747771086111 -0.6444668331658985 
-9.536692125257096 -0.6439484281483341 
-9.536692125257096 -0.6439484281483341 
-9.536692125257096 -0.6439484281483341 
-9.536692125257096 -0.6439484281483341 
-9.535411814709937 -0.6436908488712252 
-9.535411814709937 -0.6436908488712252 
-9.535411814709937 -0.6436908488712252 
-9.535411814709937 -0.6436908488712252 
-9.535411814709937 -0.6436908488712252 
-9.535411814709937 -0.6436908488712252 
-9.534472996936785 -0.643349027183953 
-9.535787164249971 -0.6431797458850144 
-9.535787164249971 -0.6431797458850144 
-9.537714246850358 -0.6425931954972182 
-9.5400762917402 -0.6425103901237822 
-9.5400762917402 -0.6425103901237822 
-9.539146409672291 -0.642169347564751 
-9.53579964175931 -0.6416082194680431 
-9.53579964175931 -0.6416082194680431 
-9.53287708438665 -0.6413731529369033 
-9.53287708438665 -0.6413731529369033 
-9.53287708438665 -0.6413731529369033 
-9.53287708438665 -0.6413731529369033 
-9.53287708438665 -0.6413731529369033 
-9.53287708438665 -0.6413731529369033 
-9.53287708438665 -0.6413731529369033 
-9.53287708438665 -0.6413731529369033 
-9.537348218478082 -0.6409731512998725 
-9.538596676607858 -0.6407869588218041 
-9.538596676607858 -0.6407869588218041 
-9.538596676607858 -0.6407869588218041 
-9.540875875026833 -0.6405018530945796 
-9.540875875026833 -0.6405018530945796 
-9.543735768022975 -0.6403927027835872 
-9.540762505166816 -0.6399779621427469 
-9.540762505166816 -0.6399779621427469 
-9.543037522154663 -0.6399472286660396 
-9.543037522154663 -0.6399472286660396 
-9.543037522154663 -0.6399472286660396 
-9.541547273421031 -0.6396791832618975 
-9.553117374690158 -0.6394740429774215 
-9.553117374690158 -0.6394740429774215 
-9.553838875411659 -0.639310084866589 
-9.553838875411659 -0.639310084866589 
-9.54989463913285 -0.6391608429078209 
-9.548508359461806 -0.639023720425235 
-9.548508359461806 -0.639023720425235 
-9.549531806265342 -0.6388925124557133 
-9.549531806265342 -0.6388925124557133 
-9.547750426576986 -0.6388738260691246 
-9.547930415256838 -0.6385068020723819 
-9.547930415256838 -0.6385068020723819 
-9.548687270708873 -0.6381880901588104 
-9.548687270708873 -0.6381880901588104 
-9.547917028211065 -0.6379818885966638 
-9.547917028211065 -0.6379818885966638 
-9.547917028211065 -0.6379818885966638 
-9.54492493398312 -0.6379461780019932 
-9.54492493398312 -0.6379461780019932 
-9.545913655295676 -0.6378796610864295 
-9.545913655295676 -0.6378796610864295 
-9.545913655295676 -0.6378796610864295 
-9.542900124797733 -0.6376911647809895 
-9.542900124797733 -0.6376911647809895 
-9.542900124797733 -0.6376911647809895 
-9.539965669489138 -0.6372472515285192 
-9.539965669489138 -0.6372472515285192 
-9.539965669489138 -0.6372472515285192 
-9.539379387084674 -0.6370104748213686 
-9.54399251306162 -0.6367960028275728 
-9.54399251306162 -0.6367960028275728 
-9.54399251306162 -0.6367960028275728 
-9.539525927228828 -0.6366547528921845 
-9.539525927228828 -0.6366547528921845 
-9.536857131770278 -0.6364641600401245 
-9.567990649285523 -0.6362364914007139 
-9.567990649285523 -0.6362364914007139 
-9.572342732611604 -0.6362266032474936 
-9.564272372491423 -0.6361520055404701 
-9.564272372491423 -0.6361520055404701 
-9.564272372491423 -0.6361520055404701 
-9.57022051442148 -0.6357589975046909 
-9.57022051442148 -0.6357589975046909 
-9.57022051442148 -0.6357589975046909 
-9.57022051442148 -0.6357589975046909 
-9.568747346057233 -0.6357116489293524 
-9.568747346057233 -0.6357116489293524 
-9.568747346057233 -0.6357116489293524 
-9.568747346057233 -0.6357116489293524 
-9.567819655127442 -0.6356110074745365 
-9.567098154405942 -0.6354522743174661 
-9.567098154405942 -0.6354522743174661 
-9.567098154405942 -0.6354522743174661 
-9.564229214929858 -0.6350675653729252 
-9.564229214929858 -0.6350675653729252 
-9.564229214929858 -0.6350675653729252 
-9.56515690585965 -0.6350300667385409 
-9.56515690585965 -0.6350300667385409 
-9.56515690585965 -0.6350300667385409 
-9.564229214929858 -0.6349010440795004 
-9.564229214929858 -0.6349010440795004 
-9.564229214929858 -0.6349010440795004 
-9.564229214929858 -0.6349010440795004 
-9.564229214929858 -0.6349010440795004 
-9.566133094786197 -0.634711490449785 
-9.566133094786197 -0.634711490449785 
-9.561998704044665 -0.6345916654486706 
-9.561506922939643 -0.6340992316253402 
-9.561506922939643 -0.6340992316253402 
-9.563310227935382 -0.6340162888763868 
-9.563310227935382 -0.6340162888763868 
-9.563310227935382 -0.6340162888763868 
-9.563310227935382 -0.6340162888763868 
-9.563310227935382 -0.6340162888763868 
-9.563310227935382 -0.6340162888763868 
-9.563310227935382 -0.6340162888763868 
-9.563310227935382 -0.6340162888763868 
-9.559700730743849 -0.6338706566486102 
-9.561426935541753 -0.6335906043052715 
-9.559501167756801 -0.6334460967018113 
-9.559501167756801 -0.6334460967018113 
-9.553696183684945 -0.6334026469883491 
-9.553696183684945 -0.6334026469883491 
-9.563987887964066 -0.633299712491312 
-9.561920287707007 -0.6332373558841551 
-9.55945317950438 -0.6330982993817856 
-9.55945317950438 -0.6330982993817856 
-9.55945317950438 -0.6330982993817856 
-9.55945317950438 -0.6330982993817856 
-9.561339018110482 -0.6330211297456432 
-9.561746154113253 -0.6328272210592282 
-9.561746154113253 -0.6328272210592282 
-9.560931864236464 -0.6327797647722431 
-9.560931864236464 -0.6327797647722431 
-9.560931864236464 -0.6327797647722431 
-9.564733178887941 -0.6324567576382488 
-9.564733178887941 -0.6324567576382488 
-9.565129905286986 -0.6323147795757772 
-9.561894675373724 -0.6318579144059147 
-9.561894675373724 -0.6318579144059147 
-9.561894675373724 -0.6318579144059147 
-9.561894675373724 -0.6318579144059147 
-9.564308418334198 -0.6318354428354124 
-9.564308418334198 -0.6318354428354124 
-9.558159261183818 -0.6316288676372784 
-9.558159261183818 -0.6316288676372784 
-9.559547060736806 -0.6311400270305095 
-9.559547060736806 -0.6311400270305095 
-9.559547060736806 -0.6311400270305095 
-9.559547060736806 -0.6311400270305095 
-9.552253623741407 -0.6300547571003187 
-9.552253623741407 -0.6300547571003187 
-9.552253623741407 -0.6300547571003187 
-9.553864044895333 -0.6300371209311837 
-9.553864044895333 -0.6300371209311837 
-9.553605648286633 -0.6299369705596691 
-9.553605648286633 -0.6299369705596691 
-9.553605648286633 -0.6299369705596691 
-9.553605648286633 -0.6299369705596691 
-9.553605648286633 -0.6299369705596691 
-9.553605648286633 -0.6299369705596691 
-9.553605648286633 -0.6299369705596691 
-9.55548114844039 -0.6298559562205025 
-9.560996049377948 -0.6295300783928799 
-9.560996049377948 -0.6295300783928799 
-9.560996049377948 -0.6295300783928799 
-9.559120549224192 -0.6295154800351183 
-9.56311152741232 -0.629191202779261 
-9.566277906739575 -0.6289837131585801 
-9.566277906739575 -0.6289837131585801 
-9.565262896621713 -0.6289836332977414 
-9.565262896621713 -0.6289836332977414 
-9.566677315523892 -0.6283891791604875 
-9.566677315523892 -0.6283891791604875 
-9.565738785761965 -0.6282507302443681 
-9.565738785761965 -0.6282507302443681 
-9.56485236526261 -0.6281462484207576 
-9.562573503137086 -0.6278720759201307 
-9.559656981433756 -0.627860939415753 
-9.559656981433756 -0.627860939415753 
-9.559656981433756 -0.627860939415753 
-9.563561002411523 -0.6278493281876474 
-9.56018846573491 -0.6276208738774144 
-9.56018846573491 -0.6276208738774144 
-9.56018846573491 -0.6276208738774144 
-9.56018846573491 -0.6276208738774144 
-9.558357183819865 -0.6275343912037564 
-9.558357183819865 -0.6275343912037564 
-9.558357183819865 -0.6275343912037564 
-9.558357183819865 -0.6275343912037564 
-9.557515432978114 -0.62706972558145 
-9.557515432978114 -0.62706972558145 
-9.557515432978114 -0.62706972558145 
-9.557515432978114 -0.62706972558145 
-9.557515432978114 -0.62706972558145 
-9.557515432978114 -0.62706972558145 
-9.556318379487482 -0.6270615899692623 
-9.556318379487482 -0.6270615899692623 
-9.556318379487482 -0.6269602199903662 
-9.555561955985633 -0.6269163694464654 
-9.555561955985633 -0.6269163694464654 
-9.555561955985633 -0.6269163694464654 
-9.555561955985633 -0.6269163694464654 
-9.555561955985633 -0.6269163694464654 
-9.555561955985633 -0.6269163694464654 
-9.555561955985633 -0.6269163694464654 
-9.555561955985633 -0.6269163694464654 
-9.555561955985633 -0.6269163694464654 
-9.555561955985633 -0.6269163694464654 
-9.555561955985633 -0.6269163694464654 
-9.557511019000094 -0.6269010321790768 
-9.557511019000094 -0.6269010321790768 
-9.557511019000094 -0.6269010321790768 
-9.557511019000094 -0.6269010321790768 
-9.55838697680385 -0.6268668882971516 
-9.55838697680385 -0.6268668882971516 
-9.55838697680385 -0.6268668882971516 
-9.55838697680385 -0.6268668882971516 
-9.561382048141512 -0.6262133063071759 
-9.561382048141512 -0.6262133063071759 
-9.561382048141512 -0.6262133063071759 
-9.561382048141512 -0.6262133063071759 
-9.561382048141512 -0.6262133063071759 
-9.561382048141512 -0.6262133063071759 
-9.561382048141512 -0.6262133063071759 
-9.561382048141512 -0.6262133063071759 
-9.561382048141512 -0.6262133063071759 
-9.562945174062646 -0.6260721109755546 
-9.562945174062646 -0.6260721109755546 
-9.562945174062646 -0.6260721109755546 
-9.562945174062646 -0.6260721109755546 
-9.56970833144804 -0.6257869395532331 
-9.570865766863445 -0.625503548703905 
-9.570865766863445 -0.625503548703905 
-9.570964173938597 -0.6254976290664176 
-9.56290311261219 -0.6252571881233678 
-9.56290311261219 -0.6252571881233678 
-9.56290311261219 -0.6252571881233678 
-9.56290311261219 -0.6252571881233678 
-9.56290311261219 -0.6252571881233678 
-9.56290311261219 -0.6252571881233678 
-9.56290311261219 -0.6251275308109314 
-9.56290311261219 -0.6251275308109314 
-9.56290311261219 -0.6250841839018787 
-9.56290311261219 -0.6250841839018787 
-9.56290311261219 -0.6250841839018787 
-9.56290311261219 -0.6250841839018787 
-9.565119510198889 -0.625051580514751 
-9.565119510198889 -0.625051580514751 
-9.560154733549341 -0.6249121523400261 
-9.560154733549341 -0.6249042718763462 
-9.560154733549341 -0.6249042718763462 
-9.560154733549341 -0.6249042718763462 
-9.560154733549341 -0.6249042718763462 
-9.561173105645036 -0.6246371485168358 
-9.556086631548078 -0.6245876475255474 
-9.556086631548078 -0.6245876475255474 
-9.55842699091791 -0.6244961111540855 
-9.55842699091791 -0.6244961111540855 
-9.55842699091791 -0.6244662925952245 
-9.55842699091791 -0.6244662925952245 
-9.562918850107934 -0.6239425511530284 
-9.562918850107934 -0.6239425511530284 
-9.562918850107934 -0.6239425511530284 
-9.562918850107934 -0.6239425511530284 
-9.562918850107934 -0.6239425511530284 
-9.562918850107934 -0.6239425511530284 
-9.562918850107934 -0.6239425511530284 
-9.564328495820117 -0.6238334427411808 
-9.566730827577786 -0.6237579143813862 
-9.566730827577786 -0.6237579143813862 
-9.566730827577786 -0.6237579143813862 
-9.566730827577786 -0.6237579143813862 
-9.566730827577786 -0.6237579143813862 
-9.566730827577786 -0.6237579143813862 
-9.566730827577786 -0.6237579143813862 
-9.56766935733971 -0.6236955883018013 
-9.56766935733971 -0.6236955883018013 
-9.56766935733971 -0.6236955883018013 
-9.56766935733971 -0.6236955883018013 
-9.56766935733971 -0.6236955883018013 
-9.56766935733971 -0.6236955883018013 
-9.56766935733971 -0.6236955883018013 
-9.566288131280098 -0.6235886363699069 
-9.566288131280098 -0.6235886363699069 
-9.565349601518173 -0.6234635829147737 
-9.565349601518173 -0.6234635829147737 
-9.565349601518173 -0.6233443559412736 
-9.565349601518173 -0.6233443559412736 
-9.565349601518173 -0.6233443559412736 
-9.565349601518173 -0.6233443559412736 
-9.565349601518173 -0.6233443559412736 
-9.565349601518173 -0.6233443559412736 
-9.565349601518173 -0.6233443559412736 
-9.565349601518173 -0.6233443559412736 
-9.565349601518173 -0.6233443559412736 
-9.565349601518173 -0.6233443559412736 
-9.568368194882668 -0.623283818331317 
-9.568368194882668 -0.623283818331317 
-9.568368194882668 -0.623283818331317 
-9.568368194882668 -0.623283818331317 
-9.568368194882668 -0.623283818331317 
-9.568368194882668 -0.623283818331317 
-9.568368194882668 -0.623283818331317 
-9.568368194882668 -0.623283818331317 
-9.568368194882668 -0.623283818331317 
-9.568368194882668 -0.623283818331317 
-9.568368194882668 -0.623283818331317 
-9.568368194882668 -0.623283818331317 
-9.568368194882668 -0.623283818331317 
-9.570318343547356 -0.6232332149177583 
-9.570318343547356 -0.6232332149177583 
-9.570318343547356 -0.6232332149177583 
-9.570318343547356 -0.6232332149177583 
-9.570318343547356 -0.6232332149177583 
-9.570318343547356 -0.6232332149177583 
-9.570318343547356 -0.6232332149177583 
-9.570318343547356 -0.6232332149177583 
-9.567028601700661 -0.6232286125604868 
-9.567028601700661 -0.6232286125604868 
-9.567028601700661 -0.6232286125604868 
-9.566957988450023 -0.6230260694056787 
-9.566957988450023 -0.6230260694056787 
-9.566957988450023 -0.6230260694056787 
-9.566957988450023 -0.6230260694056787 
-9.566957988450023 -0.6230260694056787 
-9.565633923361773 -0.6227194944592338 
-9.565633923361773 -0.6227194944592338 
-9.565633923361773 -0.6227194944592338 
-9.565633923361773 -0.6227194944592338 
-9.565633923361773 -0.6227194944592338 
-9.565633923361773 -0.6227194944592338 
-9.56361481961333 -0.6225589177337421 
-9.56361481961333 -0.6225589177337421 
-9.56361481961333 -0.6225589177337421 
-9.56361481961333 -0.6225589177337421 
-9.564705239861357 -0.6225501797014469 
-9.564705239861357 -0.6225501797014469 
-9.564705239861357 -0.6225501797014469 
-9.564705239861357 -0.6225501797014469 
-9.564705239861357 -0.6225501797014469 
-9.564705239861357 -0.6225501797014469 
-9.564705239861357 -0.6225501797014469 
-9.564705239861357 -0.6225501797014469 
-9.564705239861357 -0.6225501797014469 
-9.564705239861357 -0.6225501797014469 
-9.562234890578535 -0.6225375390034559 
-9.5613366693558 -0.6224890636768725 
-9.5613366693558 -0.6224890636768725 
-9.5613366693558 -0.6224890636768725 
-9.5613366693558 -0.6224890636768725 
-9.5613366693558 -0.6224890636768725 
-9.5613366693558 -0.6224890636768725 
-9.5613366693558 -0.6224890636768725 
-9.5613366693558 -0.6224890636768725 
-9.559567963361742 -0.6223558967580145 
-9.559567963361742 -0.6223558967580145 
-9.559567963361742 -0.6223558967580145 
-9.559567963361742 -0.6223558967580145 
-9.559567963361742 -0.6223558967580145 
-9.559567963361742 -0.6223558967580145 
-9.559567963361742 -0.6223558967580145 
-9.559567963361742 -0.6223558967580145 
-9.559567963361742 -0.6223558967580145 
-9.559567963361742 -0.6223558967580145 
-9.559567963361742 -0.6223558967580145 
-9.559567963361742 -0.6223558967580145 
-9.559567963361742 -0.6223558967580145 
-9.559567963361742 -0.6223558967580145 
-9.559567963361742 -0.6223558967580145 
-9.559567963361742 -0.6223558967580145 
-9.559567963361742 -0.6223558967580145 
-9.559567963361742 -0.6223558967580145 
-9.559567963361742 -0.6223558967580145 
-9.559567963361742 -0.6223558967580145 
-9.559567963361742 -0.6223558967580145 
-9.559567963361742 -0.6223558967580145 
-9.559567963361742 -0.6223558967580145 
-9.559567963361742 -0.6223558967580145 
-9.556979980180085 -0.6222659115321142 
-9.556979980180085 -0.6222659115321142 
-9.554869368401548 -0.6222156615954758 
-9.554869368401548 -0.6222156615954758 
-9.55793064456967 -0.6220110898167265 
-9.55793064456967 -0.6220110898167265 
-9.55793064456967 -0.6220110898167265 
-9.55793064456967 -0.6220110898167265 
-9.55793064456967 -0.6220110898167265 
-9.55793064456967 -0.6220110898167265 
-9.55793064456967 -0.6220110898167265 
-9.55793064456967 -0.6220110898167265 
-9.55793064456967 -0.6220110898167265 
-9.55793064456967 -0.6220110898167265 
-9.55793064456967 -0.6220110898167265 
-9.55793064456967 -0.6220110898167265 
-9.55793064456967 -0.6220110898167265 
-9.55793064456967 -0.6220110898167265 
-9.55793064456967 -0.6220110898167265 
-9.56049793461309 -0.6219382189481033 
-9.561998448045665 -0.6216711318797858 
-9.561998448045665 -0.6216711318797858 
-9.561998448045665 -0.6216711318797858 
-9.561998448045665 -0.6216711318797858 
-9.561998448045665 -0.6216711318797858 
-9.561998448045665 -0.6216711318797858 
-9.561998448045665 -0.6216711318797858 
-9.561998448045665 -0.6216711318797858 
-9.561998448045665 -0.6216711318797858 
-9.561998448045665 -0.6216711318797858 
-9.561998448045665 -0.6216711318797858 
-9.561998448045665 -0.6216711318797858 
-9.559578705266214 -0.6213820974862599 
-9.559578705266214 -0.6213820974862599 
-9.559578705266214 -0.6213820974862599 
-9.559578705266214 -0.6213820974862599 
-9.559578705266214 -0.6213820974862599 
-9.559578705266214 -0.6213820974862599 
-9.559578705266214 -0.6213820974862599 
-9.54985353149992 -0.621291630291135 
-9.547798832925203 -0.6212602228744136 
-9.547798832925203 -0.6212602228744136 
-9.554054683400004 -0.6212504460142265 
-9.554054683400004 -0.6212504460142265 
-9.554054683400004 -0.6212504460142265 
-9.554054683400004 -0.6212504460142265 
-9.554054683400004 -0.6212504460142265 
-9.554054683400004 -0.6212504460142265 
-9.554054683400004 -0.6212504460142265 
-9.554054683400004 -0.6212504460142265 
-9.554054683400004 -0.6212504460142265 
-9.554054683400004 -0.6212504460142265 
-9.554054683400004 -0.6212504460142265 
-9.554054683400004 -0.6212504460142265 
-9.554054683400004 -0.6212504460142265 
-9.554054683400004 -0.6212504460142265 
-9.554054683400004 -0.6212504460142265 
-9.554054683400004 -0.6212504460142265 
-9.554054683400004 -0.6212504460142265 
-9.554054683400004 -0.6212504460142265 
-9.554054683400004 -0.6212504460142265 
-9.554054683400004 -0.6212504460142265 
-9.554054683400004 -0.6212504460142265 
-9.54903954272458 -0.6209032016900625 
-9.54903954272458 -0.6209032016900625 
-9.54903954272458 -0.6209032016900625 
-9.54903954272458 -0.6209032016900625 
-9.54903954272458 -0.6209032016900625 
-9.54903954272458 -0.6209032016900625 
-9.54903954272458 -0.6209032016900625 
-9.54903954272458 -0.6209032016900625 
-9.54903954272458 -0.6209032016900625 
-9.54903954272458 -0.6209032016900625 
-9.54903954272458 -0.6209032016900625 
-9.54903954272458 -0.6209032016900625 
-9.54903954272458 -0.6209032016900625 
-9.54903954272458 -0.6209032016900625 
-9.54903954272458 -0.6209032016900625 
-9.54903954272458 -0.6209032016900625 
-9.54792619174327 -0.6208155080661422 
-9.54792619174327 -0.6208155080661422 
-9.54792619174327 -0.6208155080661422 
-9.54792619174327 -0.6208155080661422 
-9.54792619174327 -0.6208155080661422 
-9.54792619174327 -0.6208155080661422 
-9.54792619174327 -0.6208155080661422 
-9.548614959387132 -0.6207906682555643 
-9.548614959387132 -0.6206691493836531 
-9.548614959387132 -0.6206691493836531 
-9.548614959387132 -0.6206691493836531 
-9.548614959387132 -0.6206691493836531 
-9.548614959387132 -0.6206691493836531 
-9.549275898888943 -0.6201867444777667 
-9.549275898888943 -0.6201867444777667 
-9.549275898888943 -0.6201867444777667 
-9.549275898888943 -0.6201867444777667 
-9.549275898888943 -0.6201867444777667 
-9.549275898888943 -0.6201867444777667 
-9.549275898888943 -0.6201867444777667 
-9.549275898888943 -0.6201867444777667 
-9.549275898888943 -0.6201867444777667 
-9.549275898888943 -0.6201867444777667 
-9.549275898888943 -0.6201867444777667 
-9.552426519569813 -0.6201826362369709 
-9.552426519569813 -0.6201826362369709 
-9.552426519569813 -0.6201826362369709 
-9.552426519569813 -0.6201826362369709 
-9.552426519569813 -0.6201826362369709 
-9.552426519569813 -0.6201826362369709 
-9.552426519569813 -0.6201826362369709 
-9.552426519569813 -0.6201826362369709 
-9.552426519569813 -0.6201826362369709 
-9.552426519569813 -0.6201826362369709 
-9.552426519569813 -0.6201826362369709 
-9.552426519569813 -0.6201826362369709 
-9.552426519569813 -0.6201826362369709 
-9.552426519569813 -0.6201826362369709 
-9.552426519569813 -0.6201826362369709 
-9.552426519569813 -0.6201826362369709 
-9.55141175940568 -0.6200453013263638 
-9.55141175940568 -0.6200453013263638 
-9.55141175940568 -0.6200453013263638 
-9.55141175940568 -0.6200453013263638 
-9.55141175940568 -0.6200453013263638 
-9.55141175940568 -0.6200453013263638 
-9.55141175940568 -0.6200453013263638 
-9.55141175940568 -0.6200453013263638 
-9.55141175940568 -0.6200453013263638 
-9.55141175940568 -0.6200453013263638 
-9.55141175940568 -0.6198946695835506 
-9.55234779958435 -0.6196883206704471 
-9.55234779958435 -0.6196883206704471 
-9.553445046533705 -0.6196833882237414 
-9.553445046533705 -0.6196833882237414 
-9.553445046533705 -0.6196833882237414 
-9.553445046533705 -0.6196833882237414 
-9.553040513489933 -0.6194057119972809 
-9.553040513489933 -0.6194057119972809 
-9.556268465029202 -0.6192729025659411 
-9.556268465029202 -0.6192729025659411 
-9.556268465029202 -0.6192729025659411 
-9.558441664330632 -0.6192444903716903 
-9.558441664330632 -0.6192444903716903 
-9.558441664330632 -0.6192444903716903 
-9.558441664330632 -0.6192444903716903 
-9.558441664330632 -0.6192444903716903 
-9.558441664330632 -0.6192444903716903 
-9.558441664330632 -0.6192444903716903 
-9.558441664330632 -0.6192444903716903 
-9.558441664330632 -0.6192444903716903 
-9.558441664330632 -0.6192444903716903 
-9.558441664330632 -0.6192444903716903 
-9.558441664330632 -0.6192444903716903 
-9.55749452780514 -0.6191976846638759 
-9.55749452780514 -0.6191976846638759 
-9.5578309245651 -0.6190943661355096 
-9.5578309245651 -0.6190943661355096 
-9.5578309245651 -0.6190943661355096 
-9.5578309245651 -0.6190943661355096 
-9.563379979281391 -0.6190691482933594 
-9.563379979281391 -0.6190691482933594 
-9.563379979281391 -0.6190691482933594 
-9.563379979281391 -0.6190691482933594 
-9.563379979281391 -0.6190691482933594 
-9.563379979281391 -0.6190691482933594 
-9.563379979281391 -0.6190691482933594 
-9.558967534019946 -0.6187755326278193 
-9.558967534019946 -0.6187755326278193 
-9.558967534019946 -0.6187755326278193 
-9.558967534019946 -0.6187755326278193 
-9.558967534019946 -0.6187755326278193 
-9.558967534019946 -0.6187755326278193 
-9.558967534019946 -0.6187755326278193 
-9.558967534019946 -0.6187755326278193 
-9.558967534019946 -0.6187755326278193 
-9.558967534019946 -0.6187755326278193 
-9.558967534019946 -0.6187755326278193 
-9.558967534019946 -0.6187755326278193 
-9.558967534019946 -0.6187755326278193 
-9.5548067102195 -0.6184890712518301 
-9.5548067102195 -0.6184890712518301 
-9.5548067102195 -0.6184890712518301 
-9.5548067102195 -0.6184890712518301 
-9.5548067102195 -0.6184890712518301 
-9.5548067102195 -0.6184890712518301 
-9.5548067102195 -0.6184890712518301 
-9.554077990124856 -0.6183225144097383 
-9.554077990124856 -0.6183225144097383 
-9.554077990124856 -0.6183225144097383 
-9.554077990124856 -0.6183225144097383 
-9.554077990124856 -0.6183225144097383 
-9.554077990124856 -0.6183225144097383 
-9.554077990124856 -0.6183225144097383 
-9.554077990124856 -0.6183225144097383 
-9.554077990124856 -0.6183225144097383 
-9.554077990124856 -0.6183225144097383 
-9.554077990124856 -0.6183225144097383 
-9.554077990124856 -0.6183225144097383 
-9.554077990124856 -0.6183225144097383 
-9.554077990124856 -0.6183225144097383 
-9.554077990124856 -0.6183225144097383 
-9.554077990124856 -0.6183225144097383 
-9.554077990124856 -0.6183225144097383 
-9.554077990124856 -0.6183225144097383 
-9.554077990124856 -0.6183225144097383 
-9.554077990124856 -0.6183225144097383 
-9.554077990124856 -0.6183225144097383 
-9.554077990124856 -0.6183225144097383 
-9.554077990124856 -0.6183225144097383 
-9.554077990124856 -0.6183225144097383 
-9.554077990124856 -0.6183225144097383 
-9.554077990124856 -0.6183225144097383 
-9.554077990124856 -0.6183225144097383 
-9.554077990124856 -0.6183225144097383 
-9.554077990124856 -0.6183225144097383 
-9.554740255423784 -0.6180529918752451 
-9.554740255423784 -0.6180529918752451 
-9.554740255423784 -0.6180529918752451 
-9.554740255423784 -0.6180529918752451 
-9.554740255423784 -0.6180529918752451 
-9.554740255423784 -0.6180529918752451 
-9.555070164715529 -0.6179119566577957 
-9.555070164715529 -0.6179119566577957 
-9.555070164715529 -0.6179119566577957 
-9.555070164715529 -0.6179119566577957 
-9.555070164715529 -0.6179119566577957 
-9.555070164715529 -0.6179119566577957 
-9.555070164715529 -0.6179119566577957 
-9.555070164715529 -0.6179119566577957 
-9.555070164715529 -0.6179119566577957 
-9.555070164715529 -0.6179119566577957 
-9.555070164715529 -0.6179119566577957 
-9.555070164715529 -0.6179119566577957 
-9.555070164715529 -0.6179119566577957 
-9.555070164715529 -0.6179119566577957 
-9.555070164715529 -0.6179119566577957 
-9.555070164715529 -0.6179119566577957 
-9.555070164715529 -0.6179119566577957 
-9.555070164715529 -0.6179119566577957 
-9.555070164715529 -0.6179119566577957 
-9.555070164715529 -0.6179119566577957 
-9.555070164715529 -0.6179119566577957 
-9.555070164715529 -0.6179119566577957 
-9.555070164715529 -0.6179119566577957 
-9.555070164715529 -0.6179119566577957 
-9.555070164715529 -0.6179119566577957 
-9.555070164715529 -0.6179119566577957 
-9.555070164715529 -0.6179119566577957 
-9.555070164715529 -0.6179119566577957 
-9.555070164715529 -0.6179119566577957 
-9.555070164715529 -0.6179119566577957 
-9.555070164715529 -0.6179119566577957 
-9.555070164715529 -0.6179119566577957 
-9.555070164715529 -0.6179119566577957 
-9.555070164715529 -0.6179119566577957 
-9.555070164715529 -0.6179119566577957 
-9.553933326694954 -0.6178702731310993 
-9.553933326694954 -0.6178702731310993 
-9.553933326694954 -0.6178702731310993 
-9.553933326694954 -0.6178702731310993 
-9.553933326694954 -0.6178702731310993 
-9.553933326694954 -0.6178702731310993 
-9.553933326694954 -0.6178702731310993 
-9.553933326694954 -0.6178702731310993 
-9.553933326694954 -0.6178702731310993 
-9.553933326694954 -0.6178702731310993 
-9.553933326694954 -0.6178702731310993 
-9.553933326694954 -0.6178702731310993 
-9.553933326694954 -0.6178702731310993 
-9.553933326694954 -0.6178702731310993 
-9.553933326694954 -0.6178702731310993 
-9.553933326694954 -0.6178702731310993 
-9.553933326694954 -0.6178702731310993 
-9.553933326694954 -0.6178702731310993 
-9.553933326694954 -0.6178702731310993 
-9.553933326694954 -0.6178702731310993 
-9.553933326694954 -0.6178702731310993 
-9.553933326694954 -0.6178702731310993 
-9.553933326694954 -0.6178702731310993 
-9.553933326694954 -0.6178702731310993 
-9.553933326694954 -0.6178702731310993 
-9.553933326694954 -0.6178702731310993 
-9.553933326694954 -0.6178702731310993 
-9.553933326694954 -0.6178702731310993 
-9.553933326694954 -0.6178702731310993 
-9.553933326694954 -0.6178702731310993 
-9.553933326694954 -0.6178702731310993 
-9.553933326694954 -0.6178702731310993 
-9.553933326694954 -0.6178702731310993 
-9.553933326694954 -0.6178702731310993 
-9.553933326694954 -0.6178702731310993 
-9.553933326694954 -0.6178702731310993 
-9.553933326694954 -0.6178702731310993 
-9.553933326694954 -0.6178702731310993 
-9.553933326694954 -0.6178702731310993 
-9.553933326694954 -0.6178702731310993 
-9.553933326694954 -0.6178702731310993 
-9.553933326694954 -0.6178702731310993 
-9.553933326694954 -0.6178702731310993 
-9.553933326694954 -0.6178702731310993 
-9.553933326694954 -0.6178702731310993 
-9.553933326694954 -0.6178702731310993 
-9.553933326694954 -0.6178702731310993 
-9.553933326694954 -0.6178702731310993 
-9.553933326694954 -0.6178702731310993 
-9.553933326694954 -0.6178702731310993 
-9.553933326694954 -0.6178702731310993 
-9.553933326694954 -0.6178702731310993 
-9.553933326694954 -0.6178702731310993 
-9.553933326694954 -0.6178702731310993 
-9.553933326694954 -0.6178702731310993 
-9.553933326694954 -0.6178702731310993 
-9.553933326694954 -0.6178702731310993 
-9.553933326694954 -0.6178702731310993 
-9.553933326694954 -0.6178702731310993 
-9.553933326694954 -0.6178702731310993 
-9.553933326694954 -0.6178702731310993 
-9.553933326694954 -0.6178702731310993 
-9.553933326694954 -0.6178702731310993 
-9.553933326694954 -0.6178702731310993 
-9.553933326694954 -0.6178702731310993 
-9.553933326694954 -0.6178702731310993 
-9.553933326694954 -0.6178702731310993 
-9.553933326694954 -0.6178702731310993 
-9.553933326694954 -0.6178702731310993 
-9.553933326694954 -0.6178702731310993 
-9.553933326694954 -0.6178702731310993 
-9.553933326694954 -0.6178702731310993 
-9.553933326694954 -0.6178702731310993 
-9.553933326694954 -0.6178702731310993 
-9.553933326694954 -0.6178702731310993 
-9.553933326694954 -0.6178702731310993 
-9.553933326694954 -0.6178702731310993 
-9.553933326694954 -0.6178702731310993 
-9.553933326694954 -0.6178702731310993 
-9.545621029182255 -0.6178481306343381 
-9.545621029182255 -0.6178481306343381 
-9.545621029182255 -0.6178481306343381 
-9.545621029182255 -0.6178481306343381 
-9.545621029182255 -0.6178481306343381 
-9.54485092281513 -0.6176179488119617 
-9.54485092281513 -0.6176179488119617 
-9.54485092281513 -0.6176179488119617 
-9.54485092281513 -0.6176179488119617 
-9.54485092281513 -0.6176179488119617 
-9.54485092281513 -0.6176179488119617 
-9.54485092281513 -0.6176179488119617 
-9.54485092281513 -0.6176179488119617 
-9.54485092281513 -0.6176179488119617 
-9.54485092281513 -0.6176179488119617 
-9.54485092281513 -0.6176179488119617 
-9.54485092281513 -0.6176179488119617 
-9.54485092281513 -0.6176179488119617 
-9.54485092281513 -0.6176179488119617 
-9.54485092281513 -0.6176179488119617 
-9.54485092281513 -0.6176179488119617 
-9.54485092281513 -0.6176179488119617 
-9.54485092281513 -0.6176179488119617 
-9.54485092281513 -0.6176179488119617 
-9.54485092281513 -0.6176179488119617 
-9.54485092281513 -0.6176179488119617 
-9.54485092281513 -0.6176179488119617 
-9.54485092281513 -0.6176179488119617 
-9.54485092281513 -0.6176179488119617 
-9.54485092281513 -0.6176179488119617 
-9.54485092281513 -0.6176179488119617 
-9.54485092281513 -0.6176179488119617 
-9.54485092281513 -0.6176179488119617 
-9.54485092281513 -0.6176179488119617 
