-9.092171071102142 -4.496836428594959 
-8.359126479998535 -4.442049074496042 
-8.07535495667269 -4.397520704761568 
-7.720248697869047 -4.40937554434604 
-7.496291257673209 -4.392340465163587 
-7.193268206353036 -4.365665092738788 
-7.026742090382116 -4.339966544178838 
-6.799773541775612 -4.3084488147157725 
-6.62701057747222 -4.246934874033774 
-6.463601122632971 -4.323974134411147 
-6.276794222530508 -4.3416364763341795 
-6.088512021691679 -4.355367747698045 
-5.963125436214449 -4.285262166912802 
-5.814725291583227 -4.209502400297213 
-5.679723123476379 -4.268600029900725 
-5.550409196697951 -4.229653206443765 
-5.432108645043809 -4.135515116094929 
-5.288525246713928 -4.1712737135815905 
-5.19720380187025 -4.102790501788801 
-5.101669821690462 -4.149209514315418 
-5.007260388767067 -4.113269979550279 
-4.9143672794042095 -4.081102860027282 
-4.807255011606217 -4.047143188296468 
-4.703597156973617 -4.113825858152916 
-4.608112925356021 -4.07863894721864 
-4.522519340747511 -4.0460576953140475 
-4.430698018484927 -4.035699095042231 
-4.344422352562481 -4.04393682892118 
-4.264159228852947 -4.031928699016007 
-4.188229301773086 -4.000668748354809 
-4.122631461074392 -4.012471740199217 
-4.062053370086065 -4.024350274235459 
-3.9945831521064896 -3.9741206265984084 
-3.9338987441587054 -4.012797541999333 
-3.867991473527953 -4.011267447205634 
-3.8132726368008076 -3.995406503374013 
-3.7480433788508107 -3.99772588059445 
-3.680161473488592 -3.9796601684200126 
-3.6167773693651366 -3.9231008376965035 
-3.5671692565500015 -3.956466990236763 
-3.5134406970197944 -3.934930041411631 
-3.456981944550731 -3.9709838503250814 
-3.405025339708457 -3.961984532341281 
-3.363230063678571 -3.9409135452257242 
-3.3117915191807428 -3.9125613080182333 
-3.2444824052035206 -3.933417606016685 
-3.1757083363251963 -3.9049499177634512 
-3.1229519897448728 -3.893003203061511 
-3.0772953924703486 -3.941315477878065 
-3.048646313123821 -3.914415486917601 
-3.00501375614974 -3.9048256989742613 
-2.9547858744292173 -3.894120617783579 
-2.924147560502758 -3.892790847007984 
-2.8750842578290783 -3.8701679944846403 
-2.8520205032179606 -3.877738917740789 
-2.816431350931699 -3.872528190072669 
-2.792260792881082 -3.853469819411853 
-2.741208733677541 -3.829502213065383 
-2.7111073952563274 -3.8368154871583786 
-2.6914565722363077 -3.8369437613083015 
-2.651126960012754 -3.836958808746448 
-2.6282118386906483 -3.833302527848003 
-2.6022862530852175 -3.831509233068237 
-2.5750879877524286 -3.8646509250301584 
-2.5470587606735524 -3.859169077767132 
-2.520760935071734 -3.830392740772894 
-2.5007651496666807 -3.869467638526998 
-2.4743845205481887 -3.894737889569584 
-2.4528616450341834 -3.8614404134418683 
-2.4217036485021817 -3.8506444128780912 
-2.400898886074576 -3.857433042595055 
-2.379102914373127 -3.8316535920220476 
-2.359112772853379 -3.820702881101181 
-2.338901675029513 -3.8178164484352255 
-2.3216142726483713 -3.849182219913064 
-2.2976038118736692 -3.812269704336737 
-2.2768560192432257 -3.839445231335412 
-2.2597911500578567 -3.8170321065576607 
-2.2326563334285825 -3.819067965575383 
-2.219171908414098 -3.8072455658307773 
-2.1955596730007496 -3.8096941560733364 
-2.1763702215467715 -3.7703431332014263 
-2.1542763440514068 -3.7724324579894 
-2.137660808499069 -3.7693086486782943 
-2.12445726874235 -3.7702603939000454 
-2.1069411310078205 -3.7587836538579573 
-2.093970341682322 -3.748904145052876 
-2.077240328883645 -3.742532415225069 
-2.061110174735273 -3.730523644416418 
-2.0373919977975685 -3.743875192930927 
-2.0280972267055772 -3.747628357763433 
-2.0064348286864573 -3.7326108978948747 
-1.9915182268946603 -3.735362184570182 
-1.9712137230691713 -3.7308185705901282 
-1.959040716661766 -3.733152673053626 
-1.9457842750972312 -3.721297384955708 
-1.930954011549783 -3.715931353280876 
-1.9219676946634832 -3.709682046894677 
-1.9105919072671074 -3.7149851706850505 
-1.8852186629465302 -3.6936852053308793 
-1.8728565687572396 -3.709095729243186 
-1.864077610785867 -3.713756149019414 
-1.8454063715585327 -3.7122071230190654 
-1.8272169428131484 -3.692737911951157 
-1.8071067559813665 -3.7186796042693584 
-1.798849832197078 -3.6994959407562726 
-1.7858704650954287 -3.731100681241513 
-1.7786759254412299 -3.75179648996622 
-1.7689066341748643 -3.723598217783251 
-1.7613366316005368 -3.721260934958565 
-1.7444244755362155 -3.711765489384715 
-1.7331725050481428 -3.701299837505192 
-1.7197446237761533 -3.7101083547016134 
-1.7088969217197687 -3.692451927890067 
-1.7020746164222604 -3.694238747114471 
-1.6939640433577239 -3.711215997431533 
-1.6854138002560783 -3.6948719978420974 
-1.6775890491075467 -3.689868501255997 
-1.669258996815351 -3.699687880699656 
-1.6521524815569297 -3.6912140731999554 
-1.6432621346334042 -3.6871250315987014 
-1.6308432074135526 -3.6931985753232484 
-1.6238744281649091 -3.677495255445679 
-1.616289924364887 -3.6787159928115503 
-1.6082482580360264 -3.670427189691127 
-1.5903216204331727 -3.6750513726909433 
-1.581514200207893 -3.6787918099512686 
-1.5737841474447907 -3.676371765219418 
-1.564576291632231 -3.6913492741211287 
-1.5559564988631782 -3.6834828983987378 
-1.5519663978457117 -3.6900918242207217 
-1.5410403615388024 -3.6984507691814175 
-1.5337821301551173 -3.690530295632056 
-1.5292646762589956 -3.6778987285052516 
-1.523188601270282 -3.6778076139955633 
-1.5190490182975618 -3.6852110940343303 
-1.5054164398513268 -3.6759177852907663 
-1.4971736424557658 -3.6869692856979843 
-1.4865391903271743 -3.668883005340029 
-1.4812265235728117 -3.671674618248794 
-1.4763190005453746 -3.664615383396811 
-1.4698527945674271 -3.6609965004412404 
-1.4581008815436138 -3.6420474545403496 
-1.4522989144794773 -3.647083622364662 
-1.4487916432989052 -3.6396321496092567 
-1.4400112186545944 -3.617015738890102 
-1.433101687645052 -3.6044374684182885 
-1.4304929963479893 -3.6191008889404905 
-1.4246719645151058 -3.6148148830043993 
-1.4231253470886356 -3.610912262231136 
-1.4208619146350847 -3.5943052130101907 
-1.4078612512442503 -3.596927606162153 
-1.3967428097169545 -3.5920260661080223 
-1.3919663445186363 -3.5948797525604546 
-1.3880228037680307 -3.5942909622267196 
-1.3820178501247746 -3.586554865666771 
-1.3798561897137713 -3.597567882130878 
-1.364207672460725 -3.60967827284035 
-1.3575980221162207 -3.6142373146201896 
-1.3511880961023433 -3.603285995886175 
-1.3442528122404724 -3.601616993767876 
-1.332453529632514 -3.579734459984536 
-1.3288988380028275 -3.59474156212763 
-1.323110353734119 -3.5737749259247646 
-1.3173633682788783 -3.570978170912749 
-1.314434839508737 -3.5782826187089163 
-1.3048253816357842 -3.582200457013795 
-1.3035512763442825 -3.580356714291614 
-1.2988699952149556 -3.575864194203354 
-1.2951666400933242 -3.584188472579288 
-1.2932847381380086 -3.5787868280568667 
-1.280363905223712 -3.5581566926845594 
-1.2774875965764947 -3.564862939915486 
-1.270752192382382 -3.5676010124943236 
-1.2620931894804852 -3.5522410059812364 
-1.2556517741816409 -3.546417247375308 
-1.2507193745024314 -3.524110263698018 
-1.2395081627442932 -3.5408177484353547 
-1.2344518504252604 -3.538959927285353 
-1.2306117174547673 -3.5324584010860898 
-1.2237288945622598 -3.5257923750362266 
-1.219085429231061 -3.531757513638084 
-1.2142564739398893 -3.544282678866147 
-1.2059849149443167 -3.5505249514952295 
-1.2035666979153932 -3.5285726541236695 
-1.2024079831181869 -3.51969738652767 
-1.2000447626534982 -3.5159215554740935 
-1.192823866804704 -3.5149450623349754 
-1.1915362410051316 -3.5209818286092687 
-1.1900462944370205 -3.521769552270316 
-1.183716149809184 -3.512192128238958 
-1.182624839712572 -3.510899355328316 
-1.176968170247288 -3.520202214694357 
-1.1729195828607821 -3.5176728707572225 
-1.16522281223072 -3.51309713587802 
-1.1612462498499567 -3.51866124509603 
-1.154736731252974 -3.5111497138197807 
-1.1461042459568271 -3.5059146232218623 
-1.1412897051780575 -3.492022047837651 
-1.1364136343123834 -3.4997935771036226 
-1.1287256554434573 -3.5184599273930317 
-1.1223635911241565 -3.519205476596255 
-1.121306047178889 -3.502736052500207 
-1.1152096380285217 -3.4941611015771277 
-1.1136362929685892 -3.492768099239023 
-1.1067327366100346 -3.5052589591399475 
-1.0997437036674467 -3.5034563160134726 
-1.0968008569539045 -3.496996562819387 
-1.0942566840244927 -3.5001408896585273 
-1.0911276367176395 -3.4902302584239324 
-1.090438186681714 -3.4816312039049397 
-1.0858641781417255 -3.490891167221271 
-1.0831711227481933 -3.490652540317626 
-1.0826213306354395 -3.4878401362475997 
-1.0814052298846353 -3.4795435669750128 
-1.0776238384143486 -3.481061578899956 
-1.0763170153851491 -3.4726076981235954 
-1.0749275416199795 -3.475546110461241 
-1.0730393668410154 -3.4751786347435534 
-1.0614821608513225 -3.4670095663349367 
-1.0598563900725793 -3.4686400027509325 
-1.0565954148612315 -3.4589646932536042 
-1.0502789311615148 -3.4634472183787257 
-1.0487450199713817 -3.466135881974232 
-1.044205747040082 -3.4621281702125235 
-1.037426456384598 -3.4570422667306433 
-1.0352278093515686 -3.451125850757883 
-1.0314572278646168 -3.459730074702289 
-1.0298355832587347 -3.4495359399026038 
-1.0281513647569163 -3.4490009103964216 
-1.0260890094236519 -3.435288438841308 
-1.0237090898431684 -3.4279856891882137 
-1.0234323301431232 -3.4301081631968486 
-1.0211388673801887 -3.4168685222735107 
-1.0189935232830076 -3.411776429435563 
-1.0175729242208367 -3.403821451655847 
-1.0135795208121712 -3.4136667846874986 
-1.0071383590125307 -3.4133660888426705 
-1.004323048468113 -3.4010379816753824 
-1.0023368957648262 -3.3959131896695895 
-1.0015323825439135 -3.397477978175183 
-0.9986252736541563 -3.3942597321553265 
-0.9975145805183304 -3.3977462504480593 
-0.9963261402966175 -3.3948253814972564 
-0.9934554043381117 -3.3979716941678655 
-0.9816309870219747 -3.384532065440198 
-0.9777962538351379 -3.378068814526684 
-0.9771302825522122 -3.371860158116131 
-0.9728576878995145 -3.3836012295772444 
-0.9705393198238721 -3.3811626594740787 
-0.9691243101346905 -3.3742113090283143 
-0.9679112667833593 -3.3724104364506817 
-0.9647434863767346 -3.373529817362994 
-0.9621228951059193 -3.3670173772833922 
-0.9571254317580182 -3.3743084395433374 
-0.955680876022526 -3.366516044978928 
-0.9548378149383348 -3.3688544252765706 
-0.9511385940122814 -3.3687130541215264 
-0.9459676277051676 -3.3571040710869724 
-0.9427843403295957 -3.359303328888502 
-0.9424750153596925 -3.35706237720847 
-0.9367549537182921 -3.348202123451006 
-0.9365658692078377 -3.349017918838055 
-0.9290696005078195 -3.344600594357595 
-0.9256283711937425 -3.3452899469041526 
-0.921948361771729 -3.346580355407062 
-0.920867943179877 -3.341241490244271 
-0.9183780948558611 -3.347827849519176 
-0.9170085641097239 -3.350512750033968 
-0.9164170425932257 -3.3426776879026487 
-0.9153338583357147 -3.3471191748518954 
-0.9124195874916651 -3.337097629494683 
-0.910789015677419 -3.343690713632843 
-0.9090333496750376 -3.3397431023560267 
-0.9064998909304679 -3.332227210633852 
-0.9043167965021395 -3.349985306338489 
-0.9042289023697283 -3.3533603932457865 
-0.8992127455767434 -3.3480616916702104 
-0.8970152623673816 -3.345086921429056 
-0.8944730462280134 -3.338251115779238 
-0.8910492675990334 -3.3473446297844793 
-0.889474731065063 -3.3455358272515547 
-0.8870020613909084 -3.339703414789258 
-0.8828174761621064 -3.336187383368319 
-0.8814211768443435 -3.3398746993527513 
-0.8794348713813321 -3.338960875711696 
-0.877078561469026 -3.334929118603363 
-0.8762782439989854 -3.3325928965450897 
-0.8742639470148226 -3.3387510492492356 
-0.872139581107742 -3.3540618364913297 
-0.8699370312911784 -3.3444718246690197 
-0.8674490095802516 -3.342629359088379 
-0.8655460596449424 -3.319733070440824 
-0.8631922706173318 -3.3326839312741843 
-0.8618439336981009 -3.339374064961584 
-0.85960962796575 -3.341945440961766 
-0.8590260080995716 -3.340764969593923 
-0.8570077511249945 -3.3338944339694527 
-0.8528049947537818 -3.334043558955719 
-0.8488183638604228 -3.3395952066238395 
-0.848181182026253 -3.3431324118207164 
-0.8467824856565525 -3.331523723340628 
-0.8458909524469002 -3.337997535468018 
-0.8451199705737448 -3.338625482970403 
-0.8435686242889657 -3.3344113171657037 
-0.8425786904988278 -3.331852832299458 
-0.8420450010220478 -3.334056233650974 
-0.8417420741787277 -3.332375291242918 
-0.8406960986913263 -3.330882316400867 
-0.8398705721820718 -3.330433746147468 
-0.8395795169601332 -3.3327286381297316 
-0.8379932612855724 -3.337598701265288 
-0.8366803745122703 -3.331404497996245 
-0.8338681622956237 -3.3349081531531146 
-0.8313868889440009 -3.336390086234689 
-0.8303650980005401 -3.325396081071973 
-0.8292620464370212 -3.3026961768124106 
-0.8279968004662352 -3.3143237343780347 
-0.825296876048109 -3.315724359867617 
-0.8245252438240661 -3.316465699875983 
-0.8233712051664046 -3.3141701731187543 
-0.8230547979489596 -3.314625081129318 
-0.8215221976171266 -3.3067150207717737 
-0.8211549643705849 -3.299838368444059 
-0.820229088807336 -3.2895609644302817 
-0.8182036503298686 -3.294693990260481 
-0.8165660740836522 -3.2886139831928123 
-0.8121590527643736 -3.289175312363022 
-0.8109747563537096 -3.28751751052744 
-0.809861927089776 -3.2885535111489936 
-0.8093653455158519 -3.2841302643175303 
-0.8087917033023582 -3.2796451769134496 
-0.8080660751586735 -3.2767190895241214 
-0.8060326345924032 -3.2834124819790524 
-0.8038538825815209 -3.2998564484845514 
-0.8031020074550415 -3.304704047354039 
-0.7936543601432247 -3.303859376612023 
-0.7928255868895352 -3.2881944546928064 
-0.7914327046298056 -3.2881899385147775 
-0.7907143715171361 -3.285485066601706 
-0.7895174484153351 -3.2986601629153465 
-0.784115866829719 -3.2940479950279706 
-0.779823866463068 -3.292079304960684 
-0.774457425252464 -3.2892996454469547 
-0.7736989815338556 -3.2926789151402716 
-0.7720470201923393 -3.2895709110369027 
-0.7712113598325656 -3.284163874851481 
-0.7701870653904833 -3.282265636121496 
-0.7693405927955386 -3.2848042379357665 
-0.7677994043521423 -3.2872776822980954 
-0.7674421240165692 -3.2907219035215434 
-0.7668861643744528 -3.2895967830388457 
-0.7655037397548182 -3.2834777393040944 
-0.764036312298502 -3.2865037354584046 
-0.761395058030631 -3.287962500355934 
-0.7605610554901526 -3.291216811111405 
-0.7583854443727782 -3.2814740986422466 
-0.7571760582808935 -3.2888053496886176 
-0.7550750084153515 -3.298206018405559 
-0.7527931907353524 -3.277700090775356 
-0.7519230763863698 -3.280869220194458 
-0.7510951583910473 -3.2835229167454014 
-0.7475709651462953 -3.2711788004384244 
-0.7448184773462396 -3.2646937969705245 
-0.7437420149845317 -3.2795991836843745 
-0.7413778583803077 -3.2777690856373747 
-0.7403709604682405 -3.2707669300410025 
-0.7383073154781914 -3.2757987253104517 
-0.7377394674517905 -3.268485921479382 
-0.7360833262676495 -3.262489058675324 
-0.7353700763688713 -3.2646246453517245 
-0.7338029195485933 -3.263467181909399 
-0.7318555870760042 -3.2574041915894063 
-0.7309884036940799 -3.260210543024094 
-0.727943593692463 -3.2586227776382306 
-0.7274497658568919 -3.2536717578141907 
-0.7258162908014272 -3.247336692894274 
-0.7251603916443667 -3.246334543458185 
-0.7250981332197008 -3.2438667004892086 
-0.7246985287616798 -3.2437425688471766 
-0.7236858796644909 -3.2567857556083837 
-0.7203658324339507 -3.254030554717558 
-0.7182561324341985 -3.249496306595141 
-0.7176335060294547 -3.24324365672861 
-0.7169487558429655 -3.241226114128035 
-0.7162412807199967 -3.2395418088388963 
-0.7156426511424088 -3.231727510723771 
-0.7150721071502689 -3.2307258252822013 
-0.7144893944641746 -3.2269581236858773 
-0.7109977591600636 -3.2256462639045558 
-0.7086322201418972 -3.218553323471501 
-0.7086322201418972 -3.218553323471501 
-0.7080025846278843 -3.2162050338771975 
-0.7070197376581812 -3.202488068439351 
-0.7055377299569281 -3.2028977044959857 
-0.7043780789191063 -3.2050401418104406 
-0.7032735121779279 -3.208147837764642 
-0.7025110434133519 -3.194398616693115 
-0.701595059409899 -3.201534640762971 
-0.7012414753217951 -3.2074822283116684 
-0.7004497621959633 -3.2059194016598433 
-0.6986566092565999 -3.1965969775754233 
-0.6983091484109984 -3.1954017454160994 
-0.698070322420521 -3.199720038454421 
-0.6975010774870779 -3.2022989048404225 
-0.6968578698135257 -3.2101107447717783 
-0.696692904686203 -3.2097691999051734 
-0.6963776419020455 -3.2115424777596076 
-0.6952063825044151 -3.203732487306185 
-0.6934795124858752 -3.2017080967640377 
-0.6928030569130998 -3.2016035110256555 
-0.6914080603088255 -3.1956762847264044 
-0.6895782897595432 -3.1845769401969743 
-0.6870136405618387 -3.185331094384546 
-0.6864139599957757 -3.18312209529507 
-0.6854884368420485 -3.1762290866920933 
-0.6844979560543625 -3.182666713625524 
-0.6838679435068556 -3.181935568232492 
-0.6834860193655664 -3.1790067427880544 
-0.6811436697644405 -3.174443792954109 
-0.6809901870641774 -3.1779169090735584 
-0.6807664735522291 -3.1805754939676634 
-0.6796529455275336 -3.179355961806832 
-0.6791647361456902 -3.179302355248157 
-0.6786822429052134 -3.1767826001622708 
-0.6786822429052134 -3.1767826001622708 
-0.6778259616154897 -3.180330607619787 
-0.677367988035611 -3.1872236309250237 
-0.6767920323930969 -3.179596135100808 
-0.6761861701428034 -3.182214398702179 
-0.6760364069491791 -3.176292309146022 
-0.6742336690949734 -3.182830278652316 
-0.6707716835012542 -3.1797612158862494 
-0.6702103686267998 -3.181335035483388 
-0.6695324418077392 -3.1832175009683246 
-0.6695324418077392 -3.1832175009683246 
-0.6688033640076612 -3.1826508838186456 
-0.668195490096995 -3.1829156417397417 
-0.6681329928526876 -3.182286020190762 
-0.667852182046728 -3.1859633018096987 
-0.664089539601795 -3.181416757658711 
-0.6615033943576751 -3.1810373183238774 
-0.6612873838894208 -3.183297393654364 
-0.6601348057734568 -3.1746259823993315 
-0.6595965193376687 -3.174133012939498 
-0.6591374979033364 -3.175570953010212 
-0.6573140242425283 -3.1816742122687556 
-0.6571593062042409 -3.182150609364718 
-0.6563423044467303 -3.1803390422137 
-0.6554411949113559 -3.16888848325772 
-0.6539573675607346 -3.1577542505501706 
-0.6534079324621692 -3.154394664428644 
-0.6529825242551506 -3.1579223747662994 
-0.6523556674876688 -3.1636443113427606 
-0.6522868193175546 -3.1653100230523203 
-0.6521786105776121 -3.1669120824239614 
-0.6520184956685532 -3.1680966332549936 
-0.6502301631910485 -3.169144044700505 
-0.6496509511782774 -3.165484999030728 
-0.6495556586301547 -3.160901901074404 
-0.6478808789747939 -3.1665031429951616 
-0.647266514233098 -3.170308571982043 
-0.6465669128574444 -3.1580448598500164 
-0.6462528918180348 -3.1556385770427804 
-0.6451388324807866 -3.1480936593751694 
-0.6447200356081655 -3.1446961608824773 
-0.6439210234326245 -3.1378465002590263 
-0.6425942023851623 -3.124901008582809 
-0.6425942023851623 -3.124901008582809 
-0.6420675923676963 -3.132926380745984 
-0.6415819601848943 -3.1352200647192774 
-0.6405831187701525 -3.132550984334457 
-0.6386580159723233 -3.1279682417396577 
-0.6383039511649276 -3.123046673845373 
-0.6362351812755028 -3.1182311162725767 
-0.6358292555086075 -3.1132371276447857 
-0.63519612345708 -3.115017923668858 
-0.6329001809432834 -3.099980925079418 
-0.6327328109303642 -3.1000060532010423 
-0.6317676678505816 -3.1041917692660586 
-0.6313576064313715 -3.101205445795654 
-0.630963651773627 -3.1039277828259815 
-0.6303443282625377 -3.101953388227146 
-0.6303413890283599 -3.101658148500894 
-0.6286304966483223 -3.099688374435544 
-0.6237665169270362 -3.0906797351757165 
-0.623167544897741 -3.09196597468252 
-0.6222933715161597 -3.0924509069928154 
-0.6221356153300429 -3.091626841738849 
-0.6218627232836264 -3.0933155880395242 
-0.6213634582593338 -3.0942957722022104 
-0.6213634582593338 -3.0942957722022104 
-0.6196969883596836 -3.086525520960614 
-0.6195931297976516 -3.087498198490323 
-0.6171119297230405 -3.0710097797462104 
-0.6166294549436828 -3.078093806751987 
-0.6164727959415406 -3.072434157942364 
-0.6160543067462132 -3.0729026415141982 
-0.6154453038311113 -3.0725591926175615 
-0.6153989633292726 -3.072754127293756 
-0.6123799261041637 -3.0686621733827697 
-0.6110953711366193 -3.0800754528045533 
-0.6106330081706728 -3.0827660864273123 
-0.6093266596958891 -3.0786940183679383 
-0.6089801977185502 -3.075991709845258 
-0.6083617208693909 -3.0722798806376606 
-0.6072093025298663 -3.068102412192301 
-0.6067603687475991 -3.0637319474509512 
-0.6045485479089504 -3.0733024046055646 
-0.6039700351104627 -3.081440442348355 
-0.603841219712729 -3.08293634656321 
-0.603574872341614 -3.0877872596700877 
-0.6027500926762163 -3.083292441346585 
-0.5990420086012218 -3.082132623123984 
-0.5987765621007366 -3.0810542971871744 
-0.5983926128940429 -3.087108747310486 
-0.5979096238839442 -3.0883213028528664 
-0.597434844794336 -3.086801930506398 
-0.5969703054319384 -3.086093761588252 
-0.596915998926019 -3.0833293185915336 
-0.596560764005433 -3.084551106620273 
-0.5960506049371634 -3.0694410959974374 
-0.5958601714301822 -3.067530294313833 
-0.5952149532003612 -3.0665698008283746 
-0.5950326812936628 -3.0622155146351773 
-0.594997850224349 -3.063659699909597 
-0.5946791321400386 -3.0727656712750715 
-0.5938276907956453 -3.0776568401744386 
-0.5934385699361151 -3.072212882744963 
-0.5932715020914492 -3.0723628916345236 
-0.5921567564022717 -3.069899583606306 
-0.5918693404425479 -3.0771634110550226 
-0.5902371702498643 -3.077376663953229 
-0.5895617007404763 -3.072809679703629 
-0.5852068917188479 -3.072576947197186 
-0.5849826847593727 -3.071351929608817 
-0.5845668912285799 -3.0745918043455682 
-0.5839748294241341 -3.076425747322958 
-0.5811453904955585 -3.078383475798932 
-0.579555988253407 -3.081037421538048 
-0.5791820860539804 -3.0832403069355196 
-0.5790200883679121 -3.0809412642430685 
-0.5767058507248037 -3.0764558144016503 
-0.5762184937031393 -3.0753822207668944 
-0.5762184937031393 -3.0753822207668944 
-0.5756434531433252 -3.068151904526662 
-0.5740940477840091 -3.0652671496407784 
-0.5736477221428697 -3.0644777934793086 
-0.573416046889662 -3.067029018421163 
-0.5725807165087755 -3.059072608168619 
-0.5718611640483792 -3.0605507915519263 
-0.5717256026691333 -3.0597508731959016 
-0.5711261231303612 -3.061770371254606 
-0.5711261231303612 -3.061770371254606 
-0.5703755507306442 -3.0524335846730555 
-0.5697908807651809 -3.0497721230568056 
-0.5692203961030282 -3.0499877575250225 
-0.5689302489092705 -3.05073039096194 
-0.5686691208802284 -3.053671850269475 
-0.5680548534393791 -3.056490311904168 
-0.5679094688977937 -3.055082517422961 
-0.5674979708224737 -3.055639584473605 
-0.567381558486056 -3.051723145314687 
-0.566538409155321 -3.05168115255698 
-0.5662324966942898 -3.050355927611457 
-0.5656788476547857 -3.047313171408958 
-0.5642096554173224 -3.0468625824933953 
-0.56335345441044 -3.0520684870652652 
-0.5609641074664772 -3.055234407850742 
-0.5605083970272537 -3.053263188037497 
-0.5600621333273026 -3.0507195225525936 
-0.5593493820255437 -3.042750090455045 
-0.5581466143126685 -3.036813820851073 
-0.5574528129536993 -3.044354159672646 
-0.557129686208541 -3.051580805307594 
-0.5562821983712092 -3.0542816868406746 
-0.5561527121126727 -3.051047781811447 
-0.5552718527595089 -3.049405423020771 
-0.5551124953154833 -3.0514152815167717 
-0.5523431591321254 -3.0419942226413568 
-0.5508698303590587 -3.040744044414684 
-0.5501111481090147 -3.034700271620525 
-0.5499657796063169 -3.0347348192764545 
-0.5492352191853652 -3.031664423162996 
-0.5478096783021413 -3.0477552566018162 
-0.5476827744614318 -3.042352670598526 
-0.5475067109891556 -3.046027856883619 
-0.5471996861809089 -3.052361058482376 
-0.5454067145556877 -3.040487356512647 
-0.545169554590633 -3.038368347896242 
-0.5437103364473842 -3.042653569547335 
-0.5434728090527765 -3.041678064547246 
-0.5424739395847775 -3.033285159146864 
-0.5412817463481703 -3.0367001673577323 
-0.5408294489140968 -3.0426221535130673 
-0.5397340031367468 -3.0380930306094056 
-0.539425038969794 -3.0374004335960008 
-0.5391220202228443 -3.0322734435387266 
-0.5386918941820156 -3.0321074410380975 
-0.5383176772299461 -3.0335325506950594 
-0.538295081864885 -3.0333317344846593 
-0.5378231718335886 -3.0359937936015355 
-0.5375934555550351 -3.0316950660876247 
-0.5375934555550351 -3.0316950660876247 
-0.5374369641591089 -3.031001152394576 
-0.5358584893631577 -3.0292533817480813 
-0.5342664025182176 -3.0310787364154312 
-0.5341133546257761 -3.0297118984538285 
-0.5338971523477182 -3.029340077795821 
-0.5333361672841733 -3.0340731538859114 
-0.5329613916193132 -3.0315294910577704 
-0.532573518040877 -3.0339181091232508 
-0.5317225617062733 -3.0365393352254317 
-0.5314852054863106 -3.035039420704566 
-0.5309480563994828 -3.0381193734481533 
-0.530399830391264 -3.0370083523494777 
-0.5295877671459694 -3.033836935191248 
-0.5288795081365778 -3.0311882419175884 
-0.5282868959242024 -3.02909062401937 
-0.5282263504091115 -3.0215499945638586 
-0.5282263504091115 -3.0215499945638586 
-0.5276061174962744 -3.02662308183587 
-0.5273749617473786 -3.02919648413748 
-0.5272814158309503 -3.0280917913633507 
-0.526775016166061 -3.024312328895663 
-0.5261989801248277 -3.0209041370823915 
-0.5259877876294956 -3.018866149468846 
-0.5252672871777635 -3.022357130602434 
-0.5251723560804282 -3.021059117460892 
-0.5245581096699173 -3.0117738927784083 
-0.5245581096699173 -3.0117738927784083 
-0.524553778800329 -3.0125735493762287 
-0.5243179203705509 -3.0147573553778915 
-0.5242394257131612 -3.01579294805044 
-0.5236365565237654 -3.012189481240766 
-0.5232257472171282 -3.0090134938580504 
-0.5225688328193394 -3.005713504405308 
-0.5223333733119884 -2.999615675424014 
-0.5223333733119884 -2.999615675424014 
-0.5211367432728257 -3.013829734206265 
-0.5206302193362464 -3.0108386452268836 
-0.5201810866799337 -3.0038956836153203 
-0.5201021651868469 -3.0046178392270697 
-0.5192954423917051 -3.0023815687319555 
-0.5188151046472448 -3.0073316657761398 
-0.5183069911604749 -3.005776405447466 
-0.5177545745923696 -3.007772457318474 
-0.5175296874712167 -3.008832456193098 
-0.5165730002332246 -3.0063880178465823 
-0.516485908808852 -3.0073257084989904 
-0.516190919638162 -3.013098273575607 
-0.5158607401216617 -3.012725484469577 
-0.5158141916880166 -3.0146292948731714 
-0.5152006224643865 -3.0106033017260008 
-0.51484682455712 -3.0140882088440915 
-0.5146050440628555 -3.017476555410668 
-0.514197143786071 -3.0071711927367644 
-0.5138144518332661 -3.0110849931971617 
-0.5136005417815722 -3.0083084711415156 
-0.5122993409529457 -3.0138505714882204 
-0.508886178507754 -3.022125695364868 
-0.5066641987500868 -3.0148260835054734 
-0.5064310985169865 -3.0131051074032786 
-0.5059953726510851 -3.012963957160961 
-0.5040148026638764 -3.023504111034481 
-0.5035509467990156 -3.007138730608308 
-0.5035509467990156 -3.007138730608308 
-0.5034460693417695 -3.007448097567682 
-0.5034460693417695 -3.007448097567682 
-0.5032005254440653 -3.0145550693846106 
-0.4981510291412081 -3.0081205738628882 
-0.4978252694569307 -3.0006178119244367 
-0.49767060550471415 -3.007663295639638 
-0.49767060550471415 -3.007663295639638 
-0.497359255050492 -3.0085252590409732 
-0.49714764639610626 -2.99583299879959 
-0.4966144153863809 -3.003580935679275 
-0.49602379946812863 -2.9900915569687854 
-0.49572582043903757 -3.0006350861396407 
-0.4954654251921315 -3.013362531576255 
-0.4953585591394533 -3.0121217889271237 
-0.4947279645797983 -3.005067332031438 
-0.49458522543235856 -3.009956592835151 
-0.49406049656602974 -3.0057476441052087 
-0.49361935508717064 -3.0115477643323803 
-0.49298014027973747 -3.0076380169506676 
-0.49294340933391556 -3.007811807196533 
-0.49259756294763596 -3.004862202239582 
-0.4925090093815839 -3.002071449941496 
-0.49213349405903206 -2.9975497248548875 
-0.4916288432242392 -2.9941142647343866 
-0.4916288432242392 -2.9941142647343866 
-0.4912365385297983 -2.993152058528661 
-0.4907362296588698 -3.0132183939775943 
-0.48966154629814324 -2.9946385059667966 
-0.4892831029953703 -2.9910096269396984 
-0.4890429494935788 -2.9999778610777463 
-0.4880175415891603 -2.991451296061466 
-0.48765761269249874 -2.988865641904085 
-0.48755138445574636 -2.9832892186390088 
-0.48710321174715304 -2.9933087633580104 
-0.486989474695617 -2.9918569482310353 
-0.48588901952082164 -2.991354970354348 
-0.4852305690763597 -2.9809725710827877 
-0.4849097781185129 -2.9778836745348713 
-0.48457000666863087 -2.9863727543637544 
-0.4843527889764641 -2.9793409237177833 
-0.4831812564980721 -2.97289022900393 
-0.48278818942913565 -2.972849294917443 
-0.48237892081980893 -2.9726371574147734 
-0.4823426731759058 -2.971082194668445 
-0.4823426731759058 -2.971082194668445 
-0.4821479792643394 -2.9773397779201445 
-0.482098451394487 -2.9779284844139906 
-0.48112706181261683 -2.9828253930429036 
-0.48076915462974656 -2.9730063883647153 
-0.48061710361892107 -2.9698492856954837 
-0.48022538063235193 -2.972197281155759 
-0.4799237790118383 -2.970264816818603 
-0.4794702349081739 -2.965929523601944 
-0.479175739031958 -2.962128175171885 
-0.47910896330239006 -2.966380590506297 
-0.47886682483434706 -2.9654284142050247 
-0.4774183153037035 -2.971911728124568 
-0.47636240231095267 -2.975061030250982 
-0.47632964227819263 -2.9777730085791534 
-0.4756347574509365 -2.9780486266085417 
-0.47562454044601077 -2.982251490362205 
-0.47525335074644953 -2.9768019948744517 
-0.47525335074644953 -2.9768019948744517 
-0.47481951968242747 -2.9855961739861128 
-0.47461476899846505 -2.985802248580323 
-0.47416833048278106 -2.987246651765217 
-0.4740412667049731 -2.9830868340004155 
-0.47389235351659054 -2.967875678760938 
-0.47327716305083484 -2.961754678955058 
-0.47327716305083484 -2.961754678955058 
-0.47215502937909515 -2.9633094302517193 
-0.4721098521401439 -2.9629352925030936 
-0.47207878273108406 -2.964571488134959 
-0.4714995115838343 -2.969949073614803 
-0.4701664093521085 -2.972080389468991 
-0.4692070519296922 -2.9765711124736027 
-0.4690148408545556 -2.9767784967965367 
-0.4688027319404001 -2.975163591237009 
-0.4688027319404001 -2.975163591237009 
-0.4686219830068968 -2.973188801139723 
-0.4677339404264897 -2.972679367552118 
-0.4674188679492306 -2.9736675054102646 
-0.466476596672576 -2.975651893267391 
-0.46640625235968314 -2.9764459032939317 
-0.4662760522181446 -2.975897212150019 
-0.4658635282305463 -2.9713371859187685 
-0.46526854954717617 -2.9696135546505746 
-0.46493506784626326 -2.96836085404518 
-0.46467155121693543 -2.9678051809511503 
-0.46467155121693543 -2.9678051809511503 
-0.46425005282458187 -2.9666798884481196 
-0.46398164334181274 -2.9638541338766906 
-0.46321293824354953 -2.9636184935766074 
-0.46303374764871724 -2.9642473326659093 
-0.4626018214011744 -2.965248067933878 
-0.4624860206402123 -2.964063198331828 
-0.4621092380346772 -2.97248547560542 
-0.4620841760664026 -2.9763445704473868 
-0.46180057121903056 -2.97148035933338 
-0.4612604162845661 -2.9719029954632754 
-0.46122548416152165 -2.9648488961715955 
-0.46108283253300375 -2.9651229345574763 
-0.4609809736076154 -2.9646111565196547 
-0.4607930417687258 -2.9671503644353447 
-0.46051752376236493 -2.9771281204284405 
-0.46006380915286504 -2.9710041639699227 
-0.46005431572231903 -2.971143874583464 
-0.4599027973635109 -2.9707422977557814 
-0.45985112979266174 -2.9727332047939115 
-0.4597201835300853 -2.9734054073567147 
-0.4589703948342017 -2.971854996069662 
-0.4589703948342017 -2.971854996069662 
-0.4586749672326688 -2.971477682194881 
-0.4581874335377132 -2.970718198439151 
-0.4581798176287387 -2.971954673708179 
-0.4577975588927422 -2.971413118891347 
-0.4577975588927422 -2.971413118891347 
-0.45762367601072745 -2.9688966730406112 
-0.4569965496442682 -2.970418348362866 
-0.45692127279820843 -2.9720508909754715 
-0.4566703819026308 -2.965559404726675 
-0.4557798760595005 -2.9683465198088244 
-0.45569459468137996 -2.9727848822037215 
-0.45537488185923675 -2.978080314861444 
-0.45501160874973856 -2.977642918812324 
-0.45461730769648706 -2.9840155234693366 
-0.454533132612312 -2.983682408727228 
-0.454533132612312 -2.983682408727228 
-0.45435875960202593 -2.9871910393771652 
-0.45346382634876525 -2.9859776196608587 
-0.45309879835015315 -2.984444769513021 
-0.45276850424813125 -2.985464199774946 
-0.4524209203431061 -2.9804308209488606 
-0.4522794451691468 -2.971069519119778 
-0.4516920733617345 -2.9670016832295047 
-0.4513113486450881 -2.96818640383845 
-0.4509820634051163 -2.9701421927113953 
-0.4508538566586118 -2.9695265587222783 
-0.45070005860621865 -2.9622108460840257 
-0.4496714115899158 -2.9516284184546504 
-0.44956698182658805 -2.9623059676109733 
-0.44946144665498217 -2.9618191005435133 
-0.44936841754872403 -2.960435763695462 
-0.44832823752381484 -2.9630814655122917 
-0.4482492028606604 -2.966682419858771 
-0.4477191624603371 -2.9580789983997153 
-0.4468728257182706 -2.9488377777972063 
-0.4466732716815894 -2.946353647798904 
-0.4458557215863863 -2.934529672621524 
-0.4458214576443883 -2.934337734810287 
-0.44566113906329535 -2.9314922559203325 
-0.44566113906329535 -2.9314922559203325 
-0.44553931047590634 -2.9356296348092084 
-0.44534662938778585 -2.93247039732025 
-0.4451934795292182 -2.9293185330671694 
-0.4451639635906114 -2.9291901133820195 
-0.44483584507703716 -2.928725254741279 
-0.44483584507703716 -2.928725254741279 
-0.44483584507703716 -2.928725254741279 
-0.44397156563508267 -2.9363624056684947 
-0.44385948388163016 -2.9322973408525623 
-0.44357725791872216 -2.929083519419154 
-0.44324463734933783 -2.9316920126969532 
-0.44272258465386166 -2.935923246555508 
-0.44266032248058274 -2.9323813918791424 
-0.4422473126409336 -2.9301591324493512 
-0.4422473126409336 -2.9301591324493512 
-0.4419989934365436 -2.935215920555201 
-0.44180304937703774 -2.9356494363787404 
-0.4416431005088615 -2.9341625657168215 
-0.4414298247594741 -2.936173903150583 
-0.4414298247594741 -2.936173903150583 
-0.44121664723972936 -2.943069206372171 
-0.4408139335691218 -2.9465032086979335 
-0.4400811178180452 -2.9416267095565956 
-0.43847620727396014 -2.9422773806516727 
-0.43837966631229947 -2.938522364845066 
-0.4377509440270444 -2.930893192479578 
-0.4372736909305262 -2.9259144065100804 
-0.4372736909305262 -2.9259144065100804 
-0.43689588273653707 -2.923575768109078 
-0.43526974046955585 -2.9173367327595057 
-0.43510573219937154 -2.9179064903573306 
-0.4344678137551583 -2.921774427761883 
-0.43418547273134966 -2.924086046078296 
-0.4340823752159341 -2.9198555598068943 
-0.43345518658228416 -2.9102669729047608 
-0.43319744141613875 -2.914150575044819 
-0.4328044915563184 -2.915044983735541 
-0.43253518600532276 -2.9143698332040295 
-0.4324989383614196 -2.911642716524531 
-0.43234035039024754 -2.9084934645480076 
-0.43228423330139637 -2.916430354361448 
-0.43228423330139637 -2.916430354361448 
-0.43228423330139637 -2.916430354361448 
-0.43219341645223747 -2.918446687195108 
-0.4320758611136283 -2.9068422342385354 
-0.4320185413841774 -2.9061431798944124 
-0.43143802306233875 -2.9042257246626235 
-0.43143802306233875 -2.9042257246626235 
-0.43090494654968287 -2.913336052692278 
-0.43039721098436906 -2.917060166122462 
-0.43023839986663387 -2.915202820569605 
-0.42971617982306376 -2.914367098848465 
-0.42947288986833665 -2.9123005277668033 
-0.42896851808458625 -2.914539735323284 
-0.42874049058956915 -2.9086918711667593 
-0.42874049058956915 -2.9086918711667593 
-0.42874049058956915 -2.9086918711667593 
-0.42804920124532686 -2.9134005378983034 
-0.42728039620202785 -2.9164855453556084 
-0.4264088546995499 -2.9187595670984865 
-0.4264088546995499 -2.9187595670984865 
-0.4263320972761211 -2.9201916892520594 
-0.42618069842772527 -2.9156508311903497 
-0.42615731645989885 -2.9165337395276456 
-0.42566490631142545 -2.9182758954218215 
-0.425512877320263 -2.9240842384888586 
-0.42494693755795493 -2.924015422435865 
-0.4246672738706418 -2.9246223336269517 
-0.42462359382696174 -2.9241439103710287 
-0.4243337626659872 -2.9250728211631074 
-0.42423659938775626 -2.924692228696164 
-0.42370097558687125 -2.9271867691882285 
-0.42360139277597697 -2.927391328177049 
-0.4235726893114688 -2.924947473294678 
-0.42336867683065926 -2.9297925897061727 
-0.42336867683065926 -2.9297925897061727 
-0.42326050001565513 -2.9287592582685873 
-0.42326050001565513 -2.9287592582685873 
-0.42319449790302127 -2.928599711090578 
-0.42319449790302127 -2.928599711090578 
-0.42319449790302127 -2.928599711090578 
-0.42319449790302127 -2.928599711090578 
-0.4193828552019743 -2.931015471081515 
-0.41905576529716093 -2.93131754051696 
-0.4189931597039478 -2.930648569870793 
-0.41872726543150895 -2.9223777670606594 
-0.4170166777223383 -2.9245715611632153 
-0.41658639050413515 -2.931441041050959 
-0.41627783897816434 -2.9241336374034725 
-0.41623672224776675 -2.9225261310940764 
-0.41606609277547096 -2.9174061483292464 
-0.41606609277547096 -2.9174061483292464 
-0.416008483021468 -2.9181775892886583 
-0.4159475111295102 -2.9176937821103683 
-0.41570837848280173 -2.914148990335011 
-0.41570837848280173 -2.914148990335011 
-0.41570837848280173 -2.914148990335011 
-0.41570837848280173 -2.914148990335011 
-0.4152045594098602 -2.912849905915423 
-0.4150168704918975 -2.9054353120356344 
-0.4147405253409307 -2.907876968282254 
-0.41131157973161514 -2.911134090810229 
-0.4111849535040753 -2.908162894570667 
-0.4105922166198688 -2.9040103564294983 
-0.41037418345765975 -2.902874118515137 
-0.4102638358578345 -2.9024584641155986 
-0.4102638358578345 -2.9024584641155986 
-0.4102638358578345 -2.9024584641155986 
-0.4099210193512249 -2.904571272750241 
-0.40987758626869186 -2.904380514811707 
-0.40953033044786746 -2.896981900682465 
-0.4093870808844455 -2.8941938240811504 
-0.40938518478994346 -2.8925961286178685 
-0.4092470033571085 -2.8909393704191184 
-0.40914753413053184 -2.887025771933029 
-0.40875930170724756 -2.8894377728620873 
-0.4086759311547244 -2.884718903772449 
-0.4083548858025135 -2.883207351524736 
-0.4079602633437235 -2.883194865759376 
-0.4072502386227403 -2.890016652875204 
-0.4070159778797966 -2.8887425113659817 
-0.40617411295239125 -2.881622932043564 
-0.40591710914538426 -2.8737751012311024 
-0.4051067776238173 -2.878858922319324 
-0.40503130315442015 -2.8768979267615777 
-0.40503130315442015 -2.8768979267615777 
-0.4047718815273785 -2.8720305525965917 
-0.40423695462590276 -2.8730252728985306 
-0.40423695462590276 -2.8730252728985306 
-0.4041890067931448 -2.873669856084135 
-0.40399990503061645 -2.872415225989433 
-0.40399990503061645 -2.872415225989433 
-0.4038634237620597 -2.8719481810090155 
-0.4037564135590548 -2.870252430635505 
-0.40201276880833253 -2.86891330505207 
-0.4014866048478623 -2.8686971633415994 
-0.4014866048478623 -2.8686971633415994 
-0.4014866048478623 -2.8686971633415994 
-0.4014866048478623 -2.8686971633415994 
-0.40071432012887903 -2.872568901433702 
-0.39758070303474985 -2.8708051081992885 
-0.3974552201956935 -2.8674501874475538 
-0.3974552201956935 -2.8674501874475538 
-0.3974158656108844 -2.8683489912157056 
-0.3974158656108844 -2.8683489912157056 
-0.3974158656108844 -2.8683489912157056 
-0.3974158656108844 -2.8683489912157056 
-0.3972950915640621 -2.867598542667375 
-0.39699585652078584 -2.8669627150429267 
-0.3965778836890199 -2.8668799355493717 
-0.3958131558760626 -2.8701412994735853 
-0.39499721333213744 -2.8692006158714847 
-0.3949898586717529 -2.874026302263118 
-0.3948946318850969 -2.8705177649691054 
-0.3948946318850969 -2.8705177649691054 
-0.394517243299219 -2.8657980548055173 
-0.39395867121551714 -2.8630221195102745 
-0.39389968812131365 -2.86338848878139 
-0.39389968812131365 -2.86338848878139 
-0.3923594873631509 -2.8622214830474433 
-0.3920961402795148 -2.867302503496858 
-0.3920961402795148 -2.867302503496858 
-0.3920961402795148 -2.867302503496858 
-0.39147654184178377 -2.8687967605897566 
-0.39147654184178377 -2.8687967605897566 
-0.390677111328053 -2.8751317618744188 
-0.39061298402941125 -2.872631308207395 
-0.3904182686151526 -2.8665846032562508 
-0.390307184703249 -2.8713058897130455 
-0.390307184703249 -2.8713058897130455 
-0.3900839520872432 -2.867227813460824 
-0.3896803351383579 -2.8687728791616998 
-0.3885773324297654 -2.870289010259513 
-0.3885773324297654 -2.870289010259513 
-0.3884717916909938 -2.871994961822526 
-0.3882789916594841 -2.8690228736685937 
-0.3881166616324742 -2.875738667558383 
-0.3873347614833882 -2.858151489877631 
-0.3867286959776582 -2.8621039019103733 
-0.3867286959776582 -2.8621039019103733 
-0.3860685891475047 -2.8595947501226355 
