-10.680780052824128 -3.7188749837868826 
-10.721100612333348 -3.6110857555153255 
-10.60104132745601 -3.5625160107093294 
-10.476431390273666 -3.4718738391981714 
-10.693472220530422 -3.4250945360386678 
-10.577863291667038 -3.3726144389799155 
-10.411522803087093 -3.301274794992126 
-10.462370711919874 -3.2623108671486873 
-10.450675737257987 -3.215315642545316 
-10.33952406510972 -3.172997233959315 
-10.340122545299659 -3.1407409424654333 
-10.396724955866832 -3.1050412286587536 
-10.329923957061517 -3.057280795163172 
-10.281150897021286 -3.024447938388248 
-10.305551751824469 -2.990612571529863 
-10.324618495276967 -2.959059195196342 
-10.28497134406465 -2.925876351856666 
-10.342125743366537 -2.8902334599570474 
-10.261137441763383 -2.854165193553399 
-10.241705018664375 -2.8169212373841064 
-10.148213952698645 -2.7948096727734404 
-10.178962552474125 -2.7704432153315617 
-10.184583344401899 -2.736257466308495 
-10.137612946475606 -2.711207874751227 
-10.201033219136745 -2.6827460791844486 
-10.051963985078515 -2.6559872780157554 
-10.107140706711801 -2.6267737603293186 
-10.180963525009926 -2.6064829650785586 
-10.199885717897127 -2.585230113460159 
-10.1295033663567 -2.562022077612689 
-10.13816304387954 -2.5380946053379048 
-10.121008360805838 -2.509649389837396 
-10.120911399325976 -2.491600386377792 
-10.052609973245902 -2.4615921863304746 
-10.041803235731846 -2.4400402696225014 
-10.071204917529709 -2.422509095587569 
-10.04232816636464 -2.407431228501369 
-10.035678674868707 -2.392594773049465 
-9.948086350181956 -2.3742577116058383 
-9.955469532232788 -2.3571431001865504 
-9.891797825700664 -2.3399602469038236 
-9.94101979821123 -2.326082115824531 
-9.99282920646611 -2.310561370244449 
-9.900112858570587 -2.295379288137126 
-9.965197185502618 -2.2808686030784338 
-9.887824698140687 -2.2642452498786496 
-9.945951775944927 -2.249430726253073 
-9.916015236955307 -2.231049314911855 
-9.883362856424645 -2.2203041173659566 
-9.896716252052727 -2.207168944194453 
-9.913849002371052 -2.1914146855985273 
-9.948995522492481 -2.182523971345871 
-9.923869407657136 -2.1691685110298873 
-9.912664661870155 -2.1568198366339546 
-9.928293376777411 -2.1474505721357096 
-9.924490646989417 -2.1320135895620216 
-9.891161569619584 -2.1221241015716665 
-9.831725339133463 -2.113186865705982 
-9.819371444704245 -2.10393607335271 
-9.846038332494354 -2.087575115061869 
-9.79213478483023 -2.078588989663996 
-9.750181494800042 -2.0678348256385055 
-9.725707410600187 -2.0569139574653557 
-9.777596823804759 -2.047255933721487 
-9.775839999282795 -2.0349003810403947 
-9.725076236474498 -2.026819603780065 
-9.720170060246115 -2.0213627270449206 
-9.755882104374685 -2.0086765420387 
-9.716408760753842 -2.0023432615690786 
-9.750868250021098 -1.9937845343644347 
-9.69252228077203 -1.987357603212512 
-9.681453085033962 -1.9759196602051388 
-9.685338998754256 -1.9643533286951387 
-9.68068163222888 -1.9589036004645466 
-9.73058266650543 -1.9528515852849713 
-9.717927530492858 -1.9453349998151495 
-9.715464762323041 -1.9362956504144608 
-9.693775951475175 -1.9287852487207708 
-9.68884817599146 -1.922704067819296 
-9.674546463514924 -1.917501739227602 
-9.632711550242917 -1.9108952814647586 
-9.675790797478026 -1.9025115006503794 
-9.722816125291814 -1.8962646828904892 
-9.697248463790245 -1.886573404134461 
-9.682911486454088 -1.878989340193943 
-9.663838552339355 -1.8737642350894719 
-9.669536116627043 -1.8692247398881638 
-9.695041692325503 -1.8588253752547355 
-9.718309980580528 -1.8536907919632135 
-9.690648980062544 -1.8465340709259177 
-9.629243847720486 -1.839077034422499 
-9.617966201757438 -1.8352717529589884 
-9.628544976467323 -1.824939890809731 
-9.661096775986145 -1.8165063417360032 
-9.658246332649181 -1.8113408807978943 
-9.67827256062536 -1.80643777606382 
-9.660147488246466 -1.799168233362679 
-9.67270250787023 -1.7950631573098155 
-9.661418076041524 -1.7896876847823975 
-9.649103054014997 -1.7823104300691501 
-9.675491687787648 -1.7767019710212713 
-9.664847249915843 -1.7710381547575662 
-9.639172005254151 -1.7661988160087918 
-9.589626397971271 -1.7631744388081576 
-9.631719000002287 -1.7600010948551619 
-9.621058834748368 -1.755842935054206 
-9.559986036662664 -1.7499650014777044 
-9.550994090569297 -1.7461101015789169 
-9.517814700455611 -1.7414009194315656 
-9.554466149413372 -1.736563201113623 
-9.569629405928 -1.73362802298419 
-9.494353295592019 -1.7278024044649667 
-9.488809701393611 -1.7229954905522444 
-9.472799736591071 -1.7176327553068895 
-9.457133112396363 -1.716163375340417 
-9.46636681472754 -1.7113342287419 
-9.450246215512273 -1.7072079281868966 
-9.448295196244104 -1.7027480950417124 
-9.450795668457435 -1.6960246306713256 
-9.44544162463275 -1.691529473211844 
-9.420169692583354 -1.6879778935232455 
-9.423452835073638 -1.6849882998623975 
-9.421315223474739 -1.6804418444580402 
-9.416452452572244 -1.6758385750852132 
-9.426810449552532 -1.670526280259931 
-9.42737084579787 -1.6684741019750986 
-9.398213533664237 -1.6620877023876564 
-9.381234417712276 -1.6575646664812151 
-9.372347746827996 -1.652344001836608 
-9.340115992320941 -1.6504790203191229 
-9.324666892421575 -1.645046460121191 
-9.335797796566125 -1.6392101890328838 
-9.338468104482947 -1.6363684465363948 
-9.347487136760508 -1.632454087334197 
-9.349780352487004 -1.6280438030448598 
-9.348121122729433 -1.6255754665658646 
-9.339624871203043 -1.6229150936325683 
-9.337698102726577 -1.6175486189243526 
-9.328097249682736 -1.6159713597280556 
-9.321607680648965 -1.6118141892555933 
-9.313813553822829 -1.6060933984998311 
-9.305839563118115 -1.6009751597441688 
-9.291706747295502 -1.598438140035566 
-9.320042749360612 -1.5927414099333 
-9.311642472186561 -1.5899861790202432 
-9.304567292638882 -1.5842518631302467 
-9.339700216930847 -1.5799099264503773 
-9.352715198992072 -1.5768626009405209 
-9.33682178258639 -1.5736088628926648 
-9.328510635880962 -1.571131846161326 
-9.32059897370874 -1.567770067103578 
-9.31277552959824 -1.564797726064925 
-9.332017845233953 -1.5629514788920928 
-9.325029899149689 -1.5595045134658152 
-9.30404800295506 -1.5586250901705732 
-9.31378390945073 -1.5540861710801674 
-9.297385418282392 -1.5506321307046127 
-9.286074696778192 -1.5455429970321253 
-9.320109195187273 -1.5431656717755284 
-9.320805608189021 -1.5414746830830317 
-9.32318867732409 -1.5390811711557573 
-9.32912655727759 -1.5369264258580273 
-9.314517040284159 -1.535418351601765 
-9.314610701930071 -1.533370883042534 
-9.268554007452956 -1.5316106981433937 
-9.299487087332192 -1.528639512663327 
-9.231604794990535 -1.5266558003881665 
-9.186158147445711 -1.5245928185618538 
-9.27809295491471 -1.5228825606418117 
-9.200035620839367 -1.5191363942380143 
-9.211469846793191 -1.517534788640872 
-9.213670260023997 -1.5149984871217237 
-9.248575089912617 -1.5129480984626524 
-9.204693220052645 -1.5115563071226814 
-9.202995875994576 -1.5099507641350247 
-9.2011406039581 -1.506298849888014 
-9.199465872504028 -1.5039357558523534 
-9.184307250367594 -1.5004133537840092 
-9.180228588760968 -1.49802222967214 
-9.18494092863989 -1.4967775780942996 
-9.183627337634004 -1.4926520225902444 
-9.178998321164254 -1.4907465415773224 
-9.158139077639921 -1.48643137143143 
-9.151063769475599 -1.482085820642436 
-9.158015376820547 -1.4811265044149482 
-9.16151994732029 -1.479514857164467 
-9.112707897170582 -1.476359838579917 
-9.095929031792744 -1.4726047568939078 
-9.107753940873312 -1.4697831581640686 
-9.149513079774842 -1.468985738059067 
-9.161825427251527 -1.4663546937748202 
-9.112111873865686 -1.4650380445325972 
-9.115555132655473 -1.4624400357989595 
-9.135985109923457 -1.4600789822232996 
-9.110135353315442 -1.4582690780311416 
-9.094624981289755 -1.4538304102930464 
-9.124714280633508 -1.4515948645987933 
-9.099505045574736 -1.4494260258184315 
-9.084783571781468 -1.4444686967857228 
-9.099815936034483 -1.4406099344597805 
-9.179072576903401 -1.4373623536424311 
-9.17346935517217 -1.4359058528809818 
-9.147016319402455 -1.434072497036231 
-9.139610036920232 -1.4318902952430328 
-9.136418632299948 -1.4302450861267 
-9.153977074741158 -1.425409536017177 
-9.152396102399614 -1.423113998643521 
-9.126880547330233 -1.4218781908686413 
-9.122453848435061 -1.4191187083794965 
-9.118088045635725 -1.4181325515935372 
-9.055591564384669 -1.4165588610130584 
-9.068157789774245 -1.4127241979262317 
-9.067141466903726 -1.410937241262773 
-9.059337868905233 -1.40855611826807 
-9.050636837814302 -1.4054958647511193 
-9.043086607357013 -1.4040163874983245 
-9.046659919254905 -1.4019270367242633 
-9.040928601860719 -1.4000998287022417 
-9.036919458767002 -1.3992872178965305 
-9.029587830328186 -1.3983247839420996 
-9.078717562583599 -1.395671754696454 
-9.075888306725096 -1.3921103670712927 
-9.076394430151424 -1.3867046123831193 
-9.021314183604398 -1.3828573334542833 
-9.025795295221284 -1.381773033754974 
-9.016823627809453 -1.3805001530829097 
-9.025619806158197 -1.3788713066012512 
-9.012670492130601 -1.3759469166648723 
-9.002525890537903 -1.373831808380675 
-8.996934765649291 -1.3713126482023335 
-8.990217090308692 -1.3682216261982112 
-8.985758282991059 -1.367356313068053 
-8.981040829593555 -1.3664424925130523 
-8.989344368164033 -1.3649954000016102 
-8.98910835063774 -1.3632311181460197 
-8.988875427112632 -1.3616737249114041 
-8.982518963237132 -1.3596459783719992 
-8.990219012639802 -1.356994177003043 
-8.990286567997865 -1.3560872651474938 
-8.995474391405278 -1.3551550696416255 
-8.994796970318713 -1.354037897334304 
-8.980794262425592 -1.3515621067442585 
-8.951946480063402 -1.3497930467234749 
-8.956023389244951 -1.3481419545172606 
-8.94557680892812 -1.3460211292040776 
-8.943418088788338 -1.3449280953801697 
-8.954896135784065 -1.3437029574207071 
-8.944404212787479 -1.3417773992812072 
-8.945192741332637 -1.3408794584120534 
-8.944823049448233 -1.3394274119469503 
-8.940380249936752 -1.339067914964442 
-8.93949155971804 -1.3359259239890053 
-8.931892227733618 -1.3338778495771013 
-8.909131435514086 -1.3317613625923923 
-8.916409460714947 -1.3309640215866536 
-8.915796936080177 -1.3306594127527465 
-8.908771515424169 -1.3274367574729526 
-8.904337719969284 -1.3264328348930308 
-8.90032471423222 -1.32573060112993 
-8.894383920965648 -1.3249237548511668 
-8.894308379570012 -1.3245655459327434 
-8.894371746248265 -1.3221826234997416 
-8.914214806887252 -1.3216119357914273 
-8.915079513517842 -1.3202098286407562 
-8.893369729371516 -1.316893504080455 
-8.904387105235989 -1.314772414448146 
-8.901425861276046 -1.3139065139550923 
-8.89690439648969 -1.3119250653653065 
-8.892131531602194 -1.3092188167485617 
-8.896884467607313 -1.3084374849720923 
-8.899413516574993 -1.3080408649124866 
-8.891411483536867 -1.3044222495930682 
-8.88519294725853 -1.3018319703045798 
-8.88128228896435 -1.2996750635185819 
-8.896721582779703 -1.2984669304781988 
-8.89602188411442 -1.2972539427180023 
-8.891790245691698 -1.295514437510989 
-8.93118178317543 -1.2922221328836376 
-8.923469012828576 -1.2897523734510496 
-8.921373389389288 -1.2882424658927407 
-8.923440618966348 -1.2874685171595033 
-8.930933010152142 -1.2856286466448337 
-8.925322386988459 -1.284094569594686 
-8.922449224199614 -1.2822631795907313 
-8.939920649971109 -1.2808524910580077 
-8.91258800088091 -1.2794991934079283 
-8.91261304365186 -1.278183081217674 
-8.911732704113987 -1.2776602176879692 
-8.917008760724146 -1.2772785907891466 
-8.918114036674503 -1.277102065096336 
-8.892114271991959 -1.275982557497304 
-8.892433959867635 -1.2752227569869403 
-8.92087565592363 -1.2732309872121101 
-8.927781260268896 -1.2718597449871636 
-8.938192206563738 -1.2710722285651412 
-8.94552755091699 -1.2704219593060866 
-8.925964562821498 -1.269815898792643 
-8.91776964973721 -1.2688482678623116 
-8.938425504280186 -1.2681876930122866 
-8.94098960000832 -1.2679109641988953 
-8.933944355094035 -1.2666670759860905 
-8.913979461002114 -1.265371761008658 
-8.91347754392519 -1.2646963104330522 
-8.86722501029746 -1.2627081227830441 
-8.872610690495055 -1.2601866980360419 
-8.90533131767545 -1.2569670797430066 
-8.902467153913245 -1.2560005531447016 
-8.913097243160063 -1.2556397062870097 
-8.860379208626663 -1.2544521368684753 
-8.849458828977673 -1.253579188432772 
-8.84929936818738 -1.2517746371184166 
-8.846040848500786 -1.2506686911164697 
-8.764579609170472 -1.250289529025724 
-8.827057573297369 -1.2460502161112712 
-8.82903453254362 -1.2451863972485868 
-8.840692667868655 -1.2443658378478835 
-8.842046728123565 -1.2432260681898313 
-8.841039162169936 -1.2423787725179185 
-8.776662855527013 -1.2414103973179995 
-8.789385758202913 -1.2409938123764694 
-8.772566606683212 -1.2404891669958966 
-8.774206495990574 -1.240248830720682 
-8.769932016736455 -1.239751396912905 
-8.76442461036974 -1.2385127307641788 
-8.782717938474063 -1.2374524453383688 
-8.788166992473364 -1.236779472096001 
-8.779688219662562 -1.2360439721502774 
-8.781913957100826 -1.235507098123865 
-8.764483934177704 -1.2331546677359109 
-8.765986411426486 -1.2331313499589904 
-8.7299562829408 -1.2319826665450886 
-8.729198367116025 -1.2308685268196449 
-8.758223326156783 -1.2299873051787191 
-8.755129937565224 -1.228324050242418 
-8.758306916501857 -1.2269816909211833 
-8.754107711397229 -1.2250937506757293 
-8.748777644578249 -1.2233684303535122 
-8.775861794756716 -1.2222826053600067 
-8.776262387859527 -1.2220310487856192 
-8.78038657698243 -1.2214724029322621 
-8.7795248659343 -1.220221343619592 
-8.775656101778214 -1.2198261113569455 
-8.774480392302168 -1.2197525397154616 
-8.769622238870143 -1.2189385306085503 
-8.769141758546215 -1.2184428356659542 
-8.769141758546215 -1.2184428356659542 
-8.770372765678633 -1.2170755353011236 
-8.767129896810538 -1.2164054791008816 
-8.7732250719965 -1.2153974982364684 
-8.775911833924992 -1.214314853163583 
-8.7722186818127 -1.2135432759860243 
-8.766053865676966 -1.2126676806338739 
-8.759795885255784 -1.2115201211413142 
-8.759641294803565 -1.211358607778767 
-8.759406387591913 -1.21132289019372 
-8.753393552684336 -1.210715125360483 
-8.759941169762742 -1.2093342858088676 
-8.763534289832513 -1.2076051982366587 
-8.765962356076164 -1.2068101611111237 
-8.76483987319972 -1.2052306861780866 
-8.772204777690723 -1.203641808899542 
-8.769465003260844 -1.20242916898773 
-8.755976339903654 -1.199693346432838 
-8.763352862864277 -1.1976357878647366 
-8.753667361508475 -1.195842991291837 
-8.757244999002697 -1.1947789880549675 
-8.75931820458004 -1.192402122637285 
-8.754032670715118 -1.1911797279351117 
-8.762329888985164 -1.1899298042621937 
-8.793300493646337 -1.1893848100719095 
-8.79496370013715 -1.188561378499123 
-8.755790127219546 -1.1876292417641512 
-8.780651924532211 -1.1865308422641845 
-8.783120504617587 -1.1858671832599685 
-8.790555971146508 -1.1855466552603477 
-8.789128292519305 -1.1842349741200828 
-8.785892285622326 -1.1837333673187247 
-8.785464395016625 -1.1824497805906657 
-8.782696411043085 -1.1818187848417674 
-8.782421698493012 -1.1816105906222285 
-8.781909293381966 -1.1797111078298894 
-8.78019459061913 -1.1791404176191689 
-8.785243999595801 -1.1787119010721776 
-8.785243999595801 -1.1787119010721776 
-8.779452146059521 -1.177760186295658 
-8.775245350400882 -1.1771254429900095 
-8.774495188860332 -1.1763068415219033 
-8.776010726366641 -1.1757495353020224 
-8.773593627045832 -1.1750335228935262 
-8.775489190254117 -1.1744166322519296 
-8.773832766516207 -1.1737596508396175 
-8.773832766516207 -1.1737225313549016 
-8.771868165481747 -1.1733575684911746 
-8.750394450290562 -1.1718712266720284 
-8.749330349593581 -1.1709999825291793 
-8.749559402910371 -1.1700391803027816 
-8.74365437478225 -1.1684342599183513 
-8.738529086908242 -1.167920072829916 
-8.728768507372182 -1.1666548929426708 
-8.728068393144632 -1.164688253963736 
-8.733678834806271 -1.164417297630068 
-8.73851504623119 -1.1632490831761133 
-8.732729643372995 -1.1622485333065018 
-8.730486880605312 -1.1609796648249637 
-8.727575187236 -1.1606089384350475 
-8.72112806588991 -1.1590762053215224 
-8.728110617591108 -1.158332072054809 
-8.730711065197454 -1.1571255523703519 
-8.72626076668267 -1.1568408817060287 
-8.725063626249867 -1.1567814906203924 
-8.73146417710074 -1.1561538569459098 
-8.720111292357746 -1.1554637472758718 
-8.717110462922536 -1.1535594141076106 
-8.71619455411334 -1.1526781277914724 
-8.724035977220405 -1.1522677049013847 
-8.71429843617542 -1.1518758894327648 
-8.71121635987717 -1.1499297049550294 
-8.705233409602146 -1.1496870879810013 
-8.70164614568513 -1.1488814662491684 
-8.704318048956393 -1.1478762969356229 
-8.70396205368618 -1.1469198372285134 
-8.70396205368618 -1.1469111463299446 
-8.700962757543778 -1.1462487685473783 
-8.700962757543778 -1.1462487685473783 
-8.700350575113413 -1.145989363737866 
-8.691495055172688 -1.1455367180439924 
-8.691495055172688 -1.1455367180439924 
-8.692397882576703 -1.1447637575734788 
-8.691632316543402 -1.1445028023600978 
-8.696219589053392 -1.1439227497573292 
-8.697065608491307 -1.1431744180539767 
-8.755162201323238 -1.1421184540962095 
-8.755197390525213 -1.141358061960196 
-8.759828378065261 -1.1412279652423905 
-8.762007076076921 -1.1401871388234326 
-8.766011308337276 -1.140044945650026 
-8.764723767662545 -1.1397617193745553 
-8.765487048820672 -1.1389119871319404 
-8.767137881429045 -1.137770659807069 
-8.76875584194307 -1.1373184443210584 
-8.762868924733324 -1.1354920246481404 
-8.758939980012222 -1.134937276868806 
-8.756177156244195 -1.1345173219775027 
-8.756177156244195 -1.134431997191841 
-8.756120334004187 -1.1332837893296759 
-8.746073617942347 -1.1324530041524588 
-8.73985223333277 -1.1320296314671152 
-8.74262556964681 -1.1309965560314643 
-8.744108919330657 -1.1304352765479686 
-8.742996029847507 -1.1300641419869095 
-8.747501789315733 -1.1293306956389728 
-8.745332606107572 -1.1288392209531792 
-8.747152246725642 -1.1279151550291084 
-8.741778663763432 -1.127518009348544 
-8.735731958818905 -1.126214919005808 
-8.7346672410206 -1.1258781013493038 
-8.734194274775454 -1.125851049926136 
-8.732868399670764 -1.1246572064893383 
-8.736419536771274 -1.1226734225633865 
-8.736377939151934 -1.1226235863028362 
-8.733064564721909 -1.1215281907965335 
-8.738809526148382 -1.1208827849393372 
-8.805775850715742 -1.1203696408119896 
-8.801777760871706 -1.1199204330469679 
-8.805622552180484 -1.1195965986635752 
-8.798895656105865 -1.11874009641129 
-8.793607370410978 -1.1183048379959446 
-8.761123791183621 -1.1169967893989228 
-8.76226842758135 -1.1162737559742426 
-8.761281160217996 -1.1151034111692966 
-8.75780429350288 -1.1147382673974702 
-8.782618941736787 -1.1141718871201032 
-8.76264538612235 -1.1127633374011436 
-8.757333460541272 -1.1118981030518902 
-8.754728683263194 -1.111511348993254 
-8.75997400757267 -1.1110697961222469 
-8.760343950605481 -1.1110457178992597 
-8.76297483140529 -1.1109452750948963 
-8.758763810241836 -1.108951107798151 
-8.759860465054075 -1.1084215653010714 
-8.755182663147492 -1.1074244560575213 
-8.755937472824206 -1.1061157027141229 
-8.784363628802975 -1.1036619485974455 
-8.785050277786679 -1.1033449728675355 
-8.77794611960644 -1.101439625844333 
-8.774685807664108 -1.10119466058699 
-8.771022772328262 -1.100405943285898 
-8.771072514971385 -1.0995301674652862 
-8.739685447646819 -1.0992669962835506 
-8.690430468531412 -1.0987975139281767 
-8.68816863153315 -1.0983436249169103 
-8.688799467774054 -1.0971973758840514 
-8.718345411568468 -1.0970070939101302 
-8.743656927234927 -1.096511428894362 
-8.744816753273419 -1.0964561570415294 
-8.728707520860963 -1.0956512546542818 
-8.690500762987343 -1.0946751011286595 
-8.689510250013663 -1.0940734803002918 
-8.725993677822999 -1.0936208973928985 
-8.69921350252008 -1.0922317440408462 
-8.72462585520483 -1.0909530700175742 
-8.694926240565136 -1.0907225793856103 
-8.652714343939383 -1.0901839170099434 
-8.657321693744843 -1.0894388656066845 
-8.657466852624406 -1.0888626194469246 
-8.650020553896628 -1.087759281779995 
-8.651653864375124 -1.0868048405224706 
-8.645030585803351 -1.086277814411962 
-8.645330656240047 -1.0857200077865132 
-8.64524321301443 -1.0853334149744769 
-8.64524321301443 -1.0853334149744769 
-8.641254046502134 -1.085079216089074 
-8.639738312888687 -1.0840134117258162 
-8.638852131279478 -1.0836573756973142 
-8.637643673031825 -1.0830495242157394 
-8.635350563842588 -1.0827705039781639 
-8.634946803293408 -1.0827370788461625 
-8.634435961550967 -1.0813622313604776 
-8.63831090391839 -1.0805673203617288 
-8.632052309125816 -1.0804586380867889 
-8.641031426471644 -1.0797601776163976 
-8.642172818446005 -1.0788139351137942 
-8.63812239770067 -1.0782263067172457 
-8.637783601063191 -1.07657371198115 
-8.640487140458292 -1.0760177587532245 
-8.641279566419668 -1.0758067472091035 
-8.64142872500341 -1.0755962095181886 
-8.640239322173231 -1.075567986095032 
-8.63771997593941 -1.0750028799229703 
-8.641883330709964 -1.0749797785124557 
-8.643568405212733 -1.074540366864559 
-8.643568405212733 -1.0745349633019106 
-8.640514066328715 -1.0743636072314027 
-8.643548756919131 -1.073360150896636 
-8.673153851619485 -1.0731721052310559 
-8.673153851619485 -1.0731721052310559 
-8.680842553257532 -1.0723226754560442 
-8.683167629803247 -1.0722995566023024 
-8.684029466955467 -1.0720146734423872 
-8.684029466955467 -1.071973149896983 
-8.691549762875384 -1.0709830446041804 
-8.68892666275922 -1.0707757890360217 
-8.68193457313947 -1.070545268331428 
-8.678236160227994 -1.0698647005537212 
-8.677713239704323 -1.0695162350272351 
-8.682566456800394 -1.0694284055630012 
-8.683238902384044 -1.0683222877880612 
-8.68444141623432 -1.0662813589581255 
-8.68068348166824 -1.0656457314939682 
-8.68148956764583 -1.0653352253532868 
-8.681185877744543 -1.0644779143636325 
-8.683266091910124 -1.0643094354344846 
-8.683266091910124 -1.0640625467314933 
-8.711172501157236 -1.062937176809439 
-8.711647784244636 -1.06286496411931 
-8.711343918914762 -1.061570362304563 
-8.709644635866546 -1.0615670825651895 
-8.714695903426978 -1.0615611285747417 
-8.71108122393451 -1.0613174100208647 
-8.706678045219107 -1.0606537079083527 
-8.68088008490919 -1.0592073267552375 
-8.68088008490919 -1.0592073267552375 
-8.676657571567487 -1.0587846827947207 
-8.677160070213422 -1.0568398952092892 
-8.67385991011816 -1.0564128434282718 
-8.67385991011816 -1.056203629493876 
-8.67362287001888 -1.0556882804410852 
-8.67481122414841 -1.0551136306144058 
-8.659672681975875 -1.0543735205630793 
-8.659348464125518 -1.0541240719537859 
-8.659282216339157 -1.053412469131726 
-8.675121180210793 -1.052775904638653 
-8.675690890027854 -1.052431785937182 
-8.67648122805674 -1.0518161153090069 
-8.678453982775684 -1.0515488506222153 
-8.673200039027344 -1.050607838767385 
-8.67118679057959 -1.0499269383121708 
-8.67118679057959 -1.0497809441351316 
-8.67118679057959 -1.0497809441351316 
-8.67118679057959 -1.0497809441351316 
-8.672341763949353 -1.0493894055068114 
-8.672881818972616 -1.0490821056131758 
-8.674451437585141 -1.0489082831358236 
-8.676315354161733 -1.048767624869345 
-8.673845616796523 -1.048432509063563 
-8.672682000592422 -1.0481834119346292 
-8.673000833393392 -1.04744171104903 
-8.673095282552078 -1.0470856851148977 
-8.676238821645132 -1.0468538638591547 
-8.688102024234356 -1.0460015597804837 
-8.688102024234356 -1.0460015597804837 
-8.684418389830507 -1.0455901370239893 
-8.683584720987428 -1.0453585957683673 
-8.682459026343938 -1.045099778292363 
-8.68436101985148 -1.0447585524030631 
-8.684320813034764 -1.0441256919942978 
-8.685228462799973 -1.0437045237705498 
-8.685228462799973 -1.0437045237705498 
-8.685785957656796 -1.0430889785447002 
-8.685785957656796 -1.0430889785447002 
-8.684885643361309 -1.042360404410943 
-8.683445843092073 -1.0422775706857421 
-8.682476089734402 -1.0418159046889395 
-8.678666313762395 -1.0416978357371833 
-8.685074209250246 -1.0405961573210167 
-8.686307662595857 -1.0405205841713672 
-8.686307662595857 -1.0405205841713672 
-8.689476414417546 -1.0395153702767208 
-8.686591410935238 -1.0391514999552638 
-8.687902059944914 -1.0389065279234626 
-8.684096148535982 -1.0382460282417223 
-8.68393724358458 -1.0381965994083748 
-8.682911612085945 -1.0380784816956186 
-8.678427475630668 -1.0377589996617773 
-8.678568515548259 -1.0375908859734084 
-8.67444333263867 -1.0371142095618127 
-8.677206412581455 -1.0369126005828173 
-8.677206412581455 -1.0369126005828173 
-8.675894078036473 -1.0367164229720465 
-8.676169380835262 -1.0364011809359808 
-8.675177292795732 -1.0357822915535393 
-8.6722719199458 -1.0353843203797768 
-8.67252499373239 -1.034962188559662 
-8.672364477194026 -1.034666837350498 
-8.675324265878212 -1.0341481053812394 
-8.673989871944858 -1.0338597054625618 
-8.673989871944858 -1.0338597054625618 
-8.671913888150748 -1.0336339257851097 
-8.670704367789348 -1.0335920625667696 
-8.66935044861617 -1.0331661611795615 
-8.666057270173166 -1.0325361719397361 
-8.667503835212214 -1.0324711070297272 
-8.670801183920112 -1.031676875393797 
-8.667931837870197 -1.0310797864855135 
-8.665872352807947 -1.0307595486238241 
-8.693579770762376 -1.030703944283344 
-8.693579770762376 -1.030703944283344 
-8.688479172804904 -1.030647366750463 
-8.688024943704152 -1.0302423662573024 
-8.688024943704152 -1.0301757732869863 
-8.689189975869537 -1.029403344853612 
-8.677139504191825 -1.028185268146532 
-8.678933623039022 -1.0281644106607848 
-8.689586526494464 -1.027652678330548 
-8.689586526494464 -1.027652678330548 
-8.694729468853764 -1.0275070415506278 
-8.695431722638652 -1.0269353790338842 
-8.685142973334209 -1.0250765059308438 
-8.680338944664058 -1.024858196149136 
-8.681534662526444 -1.0248119276606977 
-8.676070295634787 -1.0244887183367484 
-8.646857609343627 -1.0235475047990672 
-8.64518590377002 -1.023234736976887 
-8.64518590377002 -1.023234736976887 
-8.641352915147754 -1.0225232644266185 
-8.641352915147754 -1.0225232644266185 
-8.637068307292587 -1.0224436284478506 
-8.636522562963814 -1.021577501670987 
-8.635768369834025 -1.021408053420944 
-8.635768369834025 -1.021408053420944 
-8.638797922789964 -1.0211794247272183 
-8.639032830001616 -1.0209289540798088 
-8.63696238252341 -1.0206322161270271 
-8.636742766438571 -1.0195792938023436 
-8.636742766438571 -1.0195792938023436 
-8.633211902354583 -1.0191743440558576 
-8.631595913736794 -1.0185746670912008 
-8.631251286694988 -1.0182398829824748 
-8.631141900533258 -1.0181638274545777 
-8.627966338410355 -1.0172944569836289 
-8.628767462220729 -1.0170269063125805 
-8.627806714689713 -1.0167884796302245 
-8.627806714689713 -1.0166995579374787 
-8.626302022859791 -1.016137307707506 
-8.628360957531127 -1.0158858534025346 
-8.631438417328003 -1.0157807057723958 
-8.632982405158966 -1.0154751371488204 
-8.631317625675095 -1.0152468377163482 
-8.629665367181241 -1.0147406323081385 
-8.628625158810092 -1.0146226592724628 
-8.62537511598797 -1.0142496894900235 
-8.631506058219609 -1.0141294902155895 
-8.630418163088207 -1.0134893392423896 
-8.631551239178616 -1.0133798086580486 
-8.633708877147457 -1.0125061127816752 
-8.631356590400607 -1.0105838679520214 
-8.62973890261274 -1.0105069054040248 
-8.632186337262079 -1.0102718356963574 
-8.631228239905514 -1.0097454641561878 
-8.630992349815088 -1.009476980624729 
-8.628952978038374 -1.008249940793301 
-8.625572275522654 -1.0079811100005505 
-8.625995144048701 -1.007265123848403 
-8.628388411745483 -1.0071295319230162 
-8.628388411745483 -1.0071295319230162 
-8.628388411745483 -1.0071295319230162 
-8.590968084594977 -1.0063228573603649 
-8.58826010309235 -1.0061624903843365 
-8.619203229985752 -1.005564781690431 
-8.61977760336817 -1.0050798190963166 
-8.594016199153419 -1.004569526898191 
-8.588733266157485 -1.0045271959754736 
-8.58647310709614 -1.003817787055682 
-8.583419291571238 -1.0034467852381554 
-8.583419291571238 -1.0034467852381554 
-8.588164855782564 -1.0029090684598303 
-8.588164855782564 -1.002264495328323 
-8.585192988754764 -1.001846078990646 
-8.585573825230997 -1.0017939834505862 
-8.58509170181392 -1.0015319430701795 
-8.58509170181392 -1.001479516482961 
-8.584911443882836 -1.001437344050608 
-8.584715478344238 -1.0010841552171246 
-8.579118235781094 -1.0003154621094588 
-8.57993355193477 -1.0001068254269232 
-8.578240609455882 -0.9996121864907749 
-8.573010902768843 -0.9988856075773661 
-8.572837992103155 -0.998792789820636 
-8.57170566602817 -0.998556810923075 
-8.56949103282836 -0.9983587777579139 
-8.570622532984025 -0.9982426986558396 
-8.569881566491407 -0.9979808736657699 
-8.569881566491407 -0.9979808736657699 
-8.56896109658698 -0.9977444271785633 
-8.569004279926421 -0.9975978705894175 
-8.569004279926421 -0.9975978705894175 
-8.570891268353552 -0.9971054601579123 
-8.570891268353552 -0.9971054601579123 
-8.570891268353552 -0.9971054601579123 
-8.570597118308683 -0.9970241859689227 
-8.567288748961548 -0.9965915316731514 
-8.566291840629162 -0.9959612058647032 
-8.574896510187001 -0.9959152057106903 
-8.576109946022315 -0.9948612084890808 
-8.544890971286588 -0.9946716185232231 
-8.544890971286588 -0.9945795598604233 
-8.538842855680452 -0.9937476293601024 
-8.50828557613199 -0.9937126314647937 
-8.505778507430376 -0.9932730801623189 
-8.50643298416324 -0.9928670224706702 
-8.50643298416324 -0.9927821211132534 
-8.535722239190546 -0.9927638975289282 
-8.535160429159474 -0.9924594071609482 
-8.53325794808565 -0.9920137185744943 
-8.532406073437262 -0.991891781907503 
-8.504886459846448 -0.9915363212851483 
-8.503011211372971 -0.9910201360741253 
-8.534550741036748 -0.9906661678372365 
-8.53515172836822 -0.9904454024534048 
-8.535700568445193 -0.9896099037380527 
-8.510179009873328 -0.9889901178989983 
-8.536033393013149 -0.9889040819190598 
-8.509235692120152 -0.9881357834847921 
-8.511740697358102 -0.9878910448999841 
-8.513099403148008 -0.9877295375813386 
-8.51192846141517 -0.9876879446921403 
-8.51138538593702 -0.9870022948401361 
-8.512118742026072 -0.9868670225080395 
-8.512118742026072 -0.9868670225080395 
-8.51743298053261 -0.986422443854753 
-8.523511614448159 -0.9856840422747208 
-8.523511614448159 -0.9856602182328451 
-8.522549244440457 -0.9855771156808663 
-8.522798109593811 -0.9854986608141473 
-8.521453003469176 -0.9849325265650776 
-8.521503161273344 -0.9848596474392732 
-8.525869523910837 -0.9844248282096473 
-8.526716718309359 -0.9839921805130797 
-8.524760597431248 -0.983817895905052 
-8.524760597431248 -0.983817895905052 
-8.524162902268897 -0.9835475494645144 
-8.525081347394114 -0.9834259836775363 
-8.524035571793462 -0.9833223535693347 
-8.52582143002628 -0.9830865445829865 
-8.52582143002628 -0.9830865445829865 
-8.522296013045544 -0.9829993864566329 
-8.528138592160273 -0.9824950135790377 
-8.528138592160273 -0.9824950135790377 
-8.526559335498991 -0.9820085105809258 
-8.525651201272622 -0.9816895470153678 
-8.525651201272622 -0.9816895470153678 
-8.527323329170466 -0.9815297157631419 
-8.526584656617421 -0.9813172271434438 
-8.523846739499962 -0.9807254320051609 
-8.517426403520215 -0.98070025532733 
-8.519377375386703 -0.9803249421793794 
-8.514663680918105 -0.9801710506991692 
-8.547244864834058 -0.9800526591921649 
-8.548373017020783 -0.979615785477721 
-8.54818351391473 -0.979130426615326 
-8.547401702052575 -0.9786392421666613 
-8.539560169840273 -0.9777097261246043 
-8.538452426473864 -0.9773173001229627 
-8.53947354219129 -0.9767497909265851 
-8.53947354219129 -0.9767497909265851 
-8.498398208587561 -0.9760729001649388 
-8.497314271416991 -0.9754087555432713 
-8.497314271416991 -0.9753269299332646 
-8.497919095989472 -0.9750836456956876 
-8.494294825847193 -0.9748583686399008 
-8.48934822683711 -0.9744558224741215 
-8.47650724240357 -0.9740945475518774 
-8.476777610716308 -0.9738289895319812 
-8.474306455843772 -0.9735473381076615 
-8.473361118739959 -0.9733048789884405 
-8.473361118739959 -0.9733048789884405 
-8.472939243620802 -0.9732156304235063 
-8.466579458870063 -0.9724984336200624 
-8.467561868928831 -0.9717347090566189 
-8.467561868928831 -0.9714824852361359 
-8.467561868928831 -0.9714824852361359 
-8.464691812689187 -0.9707188022054389 
-8.463183678413193 -0.9706257952579213 
-8.464002459190587 -0.9703068888906177 
-8.433365921344626 -0.969567321667227 
-8.430141563982687 -0.968836233973078 
-8.430141563982687 -0.968836233973078 
-8.430750741608403 -0.9686042870472091 
-8.430750741608403 -0.9686042870472091 
-8.430750741608403 -0.9686042870472091 
-8.432397052097459 -0.9677207262575873 
-8.426672173197204 -0.9676663215798897 
-8.426954132784873 -0.9674288773958798 
-8.429559383839651 -0.9668196530615927 
-8.430080377970588 -0.9664688716072305 
-8.424018653920275 -0.9659349767918034 
-8.431027193166264 -0.9657082134572672 
-8.430426012698279 -0.9655475417772115 
-8.430426012698279 -0.9655475417772115 
-8.430426012698279 -0.9655475417772115 
-8.42934569896235 -0.9652661998137595 
-8.429994699412298 -0.9650583601745314 
-8.430251697712695 -0.96498166523242 
-8.429753041136207 -0.964938843025096 
-8.42864954233851 -0.9646688995769457 
-8.428559142488309 -0.9644785178272175 
-8.430225150428623 -0.9638295789473279 
-8.425620709984175 -0.9632249772973885 
-8.423997753494266 -0.9627171044133315 
-8.424490837698812 -0.962476999716147 
-8.424490837698812 -0.962476999716147 
-8.424445704923475 -0.9623727224904348 
-8.424180860387219 -0.9622876977028962 
-8.422597220536208 -0.9617832912181762 
-8.422597220536208 -0.9617685591491348 
-8.421531280460389 -0.9617514440886225 
-8.424059225528795 -0.9616536761464671 
-8.426712491010012 -0.9612309150941457 
-8.427411422700787 -0.960965669127481 
-8.425558158071654 -0.9602541745178571 
-8.42507409961783 -0.9601747199739737 
-8.425914272485356 -0.9599505047719266 
-8.425191453659771 -0.9595208302727871 
-8.490637268612517 -0.9592745502107054 
-8.490637268612517 -0.9592745502107054 
-8.456163911699651 -0.9585774987565652 
-8.457046750385208 -0.9578463180613849 
-8.457046750385208 -0.9578463180613849 
-8.457046750385208 -0.9576221121556304 
-8.44548929264546 -0.9572194518553141 
-8.442820042821703 -0.9568870378583342 
-8.443496429989388 -0.9566568361578123 
-8.444257162207716 -0.956315087232891 
-8.4467647276483 -0.9557084523879369 
-8.442750712935677 -0.9556700587825011 
-8.43498925135793 -0.9555780558613178 
-8.436804537773709 -0.9552056800559409 
-8.437796445285253 -0.9549679965338509 
-8.437796445285253 -0.9549679965338509 
-8.437796445285253 -0.9549679965338509 
-8.437796445285253 -0.9549679965338509 
-8.437796445285253 -0.9549679965338509 
-8.47900567013528 -0.9546394786629977 
-8.416498247018351 -0.9539446951203054 
-8.415745025947322 -0.9537444855360074 
-8.415745025947322 -0.9537444855360074 
-8.416683391438971 -0.9537001706561213 
-8.418370926411061 -0.9536469553334215 
-8.420608552363994 -0.9533660005808389 
-8.419760819395496 -0.953204273440149 
-8.42011798157312 -0.9530806838565552 
-8.414571340002416 -0.9525538011579779 
-8.412421840033362 -0.9521077772866634 
-8.412421840033362 -0.9521077772866634 
-8.413968063679963 -0.9515474862965625 
-8.405706636140414 -0.9506811552825305 
-8.405706636140414 -0.9506811552825305 
-8.407736794312259 -0.9506712167441567 
-8.403978398965274 -0.9501420871891092 
-8.411832489829981 -0.9498939041208403 
-8.405405754133582 -0.949195359663516 
-8.405405754133582 -0.949195359663516 
-8.405040937819871 -0.9486738170024406 
-8.403421118282154 -0.9481260571244147 
-8.40334057502967 -0.947928487755673 
-8.404200564585864 -0.9475595546506606 
-8.40407613874715 -0.9475330747778672 
-8.406999103806596 -0.9473304964789003 
-8.406682990002833 -0.9472387925612907 
-8.406059946388996 -0.9466173716532921 
-8.405682104400563 -0.946412051403221 
-8.406084777397988 -0.9460430406438924 
-8.405449552261734 -0.9459962536647989 
-8.39954876133961 -0.9453722341380917 
-8.39954876133961 -0.9451924328127328 
-8.39954876133961 -0.9451924328127328 
-8.400259843481077 -0.9450946370411235 
-8.397200005760721 -0.9444896420538841 
-8.398658159927779 -0.9444862448626007 
-8.397576283035114 -0.9442920047302024 
-8.396653455814874 -0.9440991348333688 
-8.396653455814874 -0.9440201711142298 
-8.397311777227914 -0.9439429750661937 
-8.399749743911716 -0.9436569615894251 
-8.399749743911716 -0.9436496160445691 
-8.399604095167936 -0.9433947845257384 
-8.399604095167936 -0.9433947845257384 
-8.398892357601952 -0.9432279284366557 
-8.398092253296742 -0.9428217524728497 
-8.399066578786224 -0.9427483798783515 
-8.401393280950538 -0.9423802895503438 
-8.401560632455826 -0.9422100748909397 
-8.401560632455826 -0.9422100748909397 
-8.401560632455826 -0.9421927811346966 
-8.401560632455826 -0.942165685380394 
-8.400400038733304 -0.9420832955301831 
-8.394943496351724 -0.9418144297243898 
-8.394943496351724 -0.9417377877668068 
-8.391575109395044 -0.9406214005123503 
-8.391111425375781 -0.9404214872629394 
-8.382479970433401 -0.9389393119970614 
-8.382063091291254 -0.9386428391123218 
-8.382063091291254 -0.9386428391123218 
-8.382063091291254 -0.9386428391123218 
-8.382063091291254 -0.9386313551441049 
-8.382063091291254 -0.9386313551441049 
-8.382063091291254 -0.9386313551441049 
-8.38112497057101 -0.9385142936599904 
-8.375724100397413 -0.9382097965232367 
-8.377852085959827 -0.9376648912715119 
-8.37266430384666 -0.9372524979765616 
-8.373456989479193 -0.9371432035186756 
-8.373246949487289 -0.9371151862647882 
-8.374415295117897 -0.9367362468448788 
-8.37405050154067 -0.9365261986082798 
-8.372239499078391 -0.9363184685240505 
-8.371751719398565 -0.936216504607669 
-8.37220692324423 -0.9359810752809018 
-8.371099697858691 -0.9359558863939449 
-8.368740642756554 -0.9353573644024876 
-8.370488117504031 -0.9353331799659079 
-8.370342666751286 -0.9347805647453848 
-8.370342666751286 -0.9347805647453848 
-8.370841630006607 -0.9345599596273411 
-8.37008442534134 -0.9344926682454764 
-8.369655798364443 -0.9342720924011824 
-8.36830146059053 -0.9339661618920538 
-8.366809784293856 -0.9338203196609391 
-8.366809784293856 -0.9338203196609391 
-8.367606610179207 -0.9335573250509132 
-8.369203165910852 -0.9333505798054655 
-8.368728465666598 -0.933096430723739 
-8.369993408819587 -0.9328306207710408 
-8.338218860121264 -0.9326414980260366 
-8.338218860121264 -0.9322249438304117 
-8.338716455415787 -0.9319480150146923 
-8.336566721863722 -0.9313740761379229 
-8.336720907511221 -0.9311713038069005 
-8.336720907511221 -0.9311713038069005 
-8.322580010466787 -0.9307555291806274 
-8.333663035378587 -0.9293564973086352 
-8.333663035378587 -0.9293564973086352 
-8.337057950024672 -0.9284420815589941 
-8.337057950024672 -0.9284420815589941 
-8.337486976803866 -0.9283481400314448 
-8.335967959147316 -0.9279011180552444 
-8.332693418594278 -0.9276355979081382 
-8.331805534001719 -0.9274799155829736 
-8.333187058778353 -0.9271301005452298 
-8.338594693074759 -0.9270087155239697 
-8.338594693074759 -0.9270087155239697 
-8.340367075888972 -0.9269550330848357 
-8.338986334783202 -0.9266774834469563 
-8.338469154244189 -0.9266019193096227 
-8.339889569388061 -0.9261710602536422 
-8.33742882203926 -0.9258213545264358 
-8.33742882203926 -0.9258213545264358 
-8.33431387434113 -0.9252561375683985 
-8.33571688019346 -0.9251879843277726 
-8.33571688019346 -0.9251879843277726 
-8.338194005210822 -0.9249980750277349 
-8.336271440797281 -0.9247868438437672 
-8.33906687638445 -0.9245969147636519 
-8.334514648922713 -0.9242591083422511 
-8.33358576936893 -0.9241944928046515 
-8.29081805287271 -0.9236887371883719 
-8.29081805287271 -0.9236887371883719 
-8.292020633097758 -0.9236072854201893 
-8.290492952862357 -0.9233273965375306 
-8.289145760791383 -0.923119856659512 
