-8.851769796976047 -4.37166138840105 
-8.63434923648434 -3.8435868220702427 
-8.506076801033018 -4.069034082643169 
-8.305881963850691 -4.221895129590717 
-8.006134557161765 -4.14158731065838 
-7.726318786329634 -4.207253366018113 
-7.637421529396006 -4.080514666657658 
-7.491138416205165 -3.93894266522859 
-7.200923472002258 -3.7233652530335846 
-6.979308529432474 -3.7043611947451502 
-6.855229732288956 -4.051543295599643 
-6.646570040433205 -4.095701093504664 
-6.426582713654169 -3.816463221276974 
-6.259354299353404 -3.8943221446197374 
-6.139442526210875 -3.8259830148127234 
-5.977176741830924 -3.6408683399556496 
-5.857383473545205 -3.669386841441564 
-5.796310893800411 -3.8617155051840233 
-5.714140247437682 -4.03880663988472 
-5.5771558909199745 -4.0763667412253035 
-5.481400985238112 -3.7483810211853026 
-5.419229927018666 -3.783196440819985 
-5.326733868371374 -3.773510934604142 
-5.271266340081512 -3.7280737294923734 
-5.171571575145903 -3.5533286919137153 
-5.153268863265728 -3.73837775820555 
-5.093403660459054 -3.575104629307648 
-5.051829762571279 -3.2996892830525475 
-4.9967862381514685 -3.6236116298450103 
-4.96980800957966 -3.397107525729866 
-4.775081922744302 -3.499245194765259 
-4.769517186941606 -3.647713903013715 
-4.652933405983308 -3.566535468458367 
-4.612428258311545 -3.6208885078582345 
-4.567333497759373 -3.5431724315664117 
-4.548928087683479 -3.4941751744463225 
-4.523506323268089 -3.361254070599637 
-4.475238530352232 -3.492716624993758 
-4.371945170583247 -3.250239980725667 
-4.3636057170219615 -3.350037282863881 
-4.307283594565377 -3.406608580324785 
-4.250491172461794 -3.3190481985888356 
-4.185799245558698 -3.3278824690462905 
-4.066074233690571 -3.279552247368227 
-4.044989059985289 -3.237415211236411 
-4.044989059985289 -3.237415211236411 
-3.9907800463006136 -3.2285265704562627 
-3.9153033911421726 -3.2983094593333133 
-3.907840111449394 -3.397442264990191 
-3.907840111449394 -3.397442264990191 
-3.8723335973713353 -3.2950017771583995 
-3.8200057299388965 -3.344706339099802 
-3.772641250172047 -3.5007018443671747 
-3.7633142099087564 -3.3968983639896737 
-3.7568653657029296 -3.256041196428961 
-3.713942771346373 -3.4765890130566177 
-3.694643150106333 -3.5074692314911724 
-3.658853459003175 -3.5411860298998397 
-3.621214547506062 -3.4402943663116146 
-3.59578910650784 -3.525979824393882 
-3.5617853601101013 -3.518102014880789 
-3.5188239665131142 -3.5814746157322923 
-3.485554640456492 -3.4869549427139885 
-3.485554640456492 -3.4869549427139885 
-3.4761656505650045 -3.4881131844696047 
-3.435968208457823 -3.465640234540406 
-3.435968208457823 -3.465640234540406 
-3.4151811202972135 -3.3755176907189126 
-3.391347207327448 -3.4721165459504184 
-3.391347207327448 -3.4721165459504184 
-3.339709978770003 -3.5820365105176353 
-3.32083296436144 -3.6194097094204887 
-3.32083296436144 -3.6194097094204887 
-3.3183207571257554 -3.5476141336466602 
-3.3183207571257554 -3.5476141336466602 
-3.2829000670913113 -3.3978574659778937 
-3.2393548180303333 -3.5745302958905794 
-3.2179040748106473 -3.499825259154875 
-3.1583922577765504 -3.515791260614182 
-3.155677250503932 -3.4849806542821558 
-3.152903971008878 -3.566180411539922 
-3.091621937253082 -3.416245376898429 
-3.0668988790173186 -3.4410390780098306 
-3.0668988790173186 -3.4410390780098306 
-3.0455468803635704 -3.4965028713611472 
-3.0455468803635704 -3.4965028713611472 
-2.9938390803186867 -3.4228450778917283 
-2.9662863340586942 -3.2709652009094525 
-2.9662863340586942 -3.2709652009094525 
-2.958594874187459 -3.327218345455166 
-2.914029907085115 -3.296415274421345 
-2.914029907085115 -3.296415274421345 
-2.892188591049975 -3.2832091626017927 
-2.843257518678615 -3.3144374687545746 
-2.8191021803057206 -3.3300552407306894 
-2.8145930331053517 -3.3768727459419505 
-2.8145930331053517 -3.3768727459419505 
-2.7999987721523762 -3.236848961764223 
-2.789637116885335 -3.3108338051532704 
-2.7783167979642975 -3.366945795214087 
-2.7418418286547883 -3.232035657555977 
-2.7418418286547883 -3.232035657555977 
-2.7387087127163237 -3.3251907862606975 
-2.7387087127163237 -3.3251907862606975 
-2.6926454941875395 -3.2306658751775004 
-2.6926454941875395 -3.2306658751775004 
-2.6926454941875395 -3.2306658751775004 
-2.6924080380113873 -3.193202550245215 
-2.6924080380113873 -3.193202550245215 
-2.6867509633302573 -3.272557932301836 
-2.6867509633302573 -3.272557932301836 
-2.681008232425846 -3.138979237675225 
-2.681008232425846 -3.138979237675225 
-2.6802308260961434 -3.217353688622815 
-2.615049285846286 -3.196971643014428 
-2.6085877526710126 -3.221068461060772 
-2.6085877526710126 -3.221068461060772 
-2.5842766673692554 -3.139467786890121 
-2.5842766673692554 -3.139467786890121 
-2.5697474166282515 -3.1256345974876636 
-2.560580795186186 -3.1666702404790263 
-2.543225025955417 -3.187768544842604 
-2.5177505861795066 -3.182378088583871 
-2.5021572101692504 -3.148996298404805 
-2.5021572101692504 -3.148996298404805 
-2.4706555445079923 -3.1385565590886193 
-2.4706555445079923 -3.1385565590886193 
-2.4706555445079923 -3.1385565590886193 
-2.45710655575831 -3.1726767333470045 
-2.45710655575831 -3.1726767333470045 
-2.4410807728350705 -3.082607321463719 
-2.4344376276737805 -3.162966899116377 
-2.4336592125649688 -3.0932612114182136 
-2.4161832510265073 -3.1117718937398013 
-2.4161832510265073 -3.1117718937398013 
-2.408879575319476 -3.0523240535860294 
-2.408879575319476 -3.0523240535860294 
-2.4025567975381352 -3.153477969846926 
-2.4025567975381352 -3.153477969846926 
-2.4025567975381352 -3.153477969846926 
-2.3933515789237374 -3.171169880485781 
-2.3862349225759885 -3.1002200510639315 
-2.374065399560296 -3.1153769146449117 
-2.374065399560296 -3.1153769146449117 
-2.3608536152385935 -3.135572002144994 
-2.3608536152385935 -3.135572002144994 
-2.3269266222872984 -3.165276655445612 
-2.3269266222872984 -3.165276655445612 
-2.3269266222872984 -3.165276655445612 
-2.3269266222872984 -3.165276655445612 
-2.300922165054882 -3.0375273282223763 
-2.29214695014816 -3.1044679710624066 
-2.263547510984942 -3.128394654271842 
-2.263547510984942 -3.128394654271842 
-2.256650959260804 -3.0828385525146613 
-2.2511183745420507 -3.1725658450778096 
-2.2281988943280755 -3.1531020526954165 
-2.226156957075191 -3.106244504137064 
-2.226156957075191 -3.106244504137064 
-2.2162022059439694 -3.0716466252558394 
-2.2162022059439694 -3.0716466252558394 
-2.2162022059439694 -3.0716466252558394 
-2.215026772502888 -3.0451617624809817 
-2.215026772502888 -3.0451617624809817 
-2.209265371380016 -3.061613219574154 
-2.209265371380016 -3.061613219574154 
-2.209265371380016 -3.061613219574154 
-2.209265371380016 -3.061613219574154 
-2.209265371380016 -3.061613219574154 
-2.209265371380016 -3.061613219574154 
-2.209265371380016 -3.061613219574154 
-2.2036721071657084 -3.165105141287829 
-2.1993774032017193 -3.1920452846913365 
-2.192746851211572 -3.096377940888508 
-2.192746851211572 -3.096377940888508 
-2.192746851211572 -3.096377940888508 
-2.192746851211572 -3.096377940888508 
-2.1796819443496838 -3.0912003242349915 
-2.1796819443496838 -3.0912003242349915 
-2.1714177291170156 -3.1412579226399493 
-2.1692754881023166 -3.110792081649011 
-2.1635461188028215 -2.9943305799637177 
-2.1635461188028215 -2.9943305799637177 
-2.1629649624272282 -2.997588911506929 
-2.1629649624272282 -2.997588911506929 
-2.1629649624272282 -2.997588911506929 
-2.156243288910024 -3.0885536654025323 
-2.156117593365474 -3.1102566282877238 
-2.156117593365474 -3.1102566282877238 
-2.156117593365474 -3.1102566282877238 
-2.156117593365474 -3.1102566282877238 
-2.156117593365474 -3.1102566282877238 
-2.1476809197854756 -3.136834067715763 
-2.134726889581598 -3.1439193435844093 
-2.134726889581598 -3.1439193435844093 
-2.134726889581598 -3.1439193435844093 
-2.127979251255012 -3.1228074666273793 
-2.1239178767954874 -3.0808566481382016 
-2.1239178767954874 -3.0808566481382016 
-2.1239178767954874 -3.0808566481382016 
-2.1239178767954874 -3.0808566481382016 
-2.1239178767954874 -3.0808566481382016 
-2.1239178767954874 -3.0808566481382016 
-2.1239178767954874 -3.0808566481382016 
-2.1239178767954874 -3.0808566481382016 
-2.1239178767954874 -3.0808566481382016 
-2.107249272516529 -3.08179435796879 
-2.1015829864858704 -3.1686653556541 
-2.097857159699374 -3.0225142340791153 
-2.097857159699374 -3.0225142340791153 
-2.097857159699374 -3.0225142340791153 
-2.0849935949051286 -2.9960892324152835 
-2.0849935949051286 -2.9960892324152835 
-2.0832671494715895 -2.9758398844915126 
-2.0832671494715895 -2.9758398844915126 
-2.0768641024128245 -2.937017709912106 
-2.0746248672721688 -2.933444055437499 
-2.0746248672721688 -2.933444055437499 
-2.0746248672721688 -2.933444055437499 
-2.044053437649176 -2.982605832727508 
-2.044053437649176 -2.982605832727508 
-2.044053437649176 -2.982605832727508 
-2.0334558938407925 -2.893114980101708 
-2.0334558938407925 -2.893114980101708 
-2.0332849893320177 -2.90423201583795 
-2.0144029140719666 -3.005748957285654 
-2.0103575493899886 -2.9582755142044483 
-2.0103575493899886 -2.9582755142044483 
-2.0103575493899886 -2.9582755142044483 
-2.0103575493899886 -2.9582755142044483 
-2.0103575493899886 -2.9582755142044483 
-2.0103575493899886 -2.9582755142044483 
-2.0103575493899886 -2.9582755142044483 
-2.0103575493899886 -2.9582755142044483 
-2.0103575493899886 -2.9582755142044483 
-2.0103575493899886 -2.9582755142044483 
-2.0103409930554346 -2.980687530683529 
-1.9967153538624431 -3.0684111539773955 
-1.9967153538624431 -3.0684111539773955 
-1.9967153538624431 -3.0684111539773955 
-1.9903459271108508 -3.027042230893197 
-1.9903459271108508 -3.027042230893197 
-1.9816782012798042 -3.043652552699137 
-1.9816782012798042 -3.043652552699137 
-1.9793185447698873 -3.0232943148719205 
-1.9792723535372774 -3.091252796335141 
-1.9253596499890424 -3.014049906835706 
-1.9253596499890424 -3.014049906835706 
-1.9253596499890424 -3.014049906835706 
-1.9140059348220066 -3.0074973600284762 
-1.9005771562562717 -3.0144996374792994 
-1.9005771562562717 -3.0144996374792994 
-1.9005771562562717 -3.0144996374792994 
-1.9005771562562717 -3.0144996374792994 
-1.9005771562562717 -3.0144996374792994 
-1.9005771562562717 -3.0144996374792994 
-1.8937796883430211 -3.043794323934853 
-1.8937796883430211 -3.043794323934853 
-1.8937796883430211 -3.043794323934853 
-1.8937796883430211 -3.043794323934853 
-1.8902555529940752 -3.070269192023514 
-1.8902555529940752 -3.070269192023514 
-1.8902555529940752 -3.070269192023514 
-1.8902555529940752 -3.070269192023514 
-1.8902555529940752 -3.070269192023514 
-1.890101411772477 -3.0649884240286824 
-1.890101411772477 -3.0649884240286824 
-1.8887935646899816 -3.0838086203109327 
-1.8887935646899816 -3.0838086203109327 
-1.8561592510860385 -3.0774754333003953 
-1.8561592510860385 -3.0774754333003953 
-1.8561592510860385 -3.0774754333003953 
-1.8368643484231395 -3.0152676170625567 
-1.836809422577491 -3.0947194785753487 
-1.836809422577491 -3.0947194785753487 
-1.836809422577491 -3.0947194785753487 
-1.8311760676443298 -3.095228098517648 
-1.8311760676443298 -3.095228098517648 
-1.7687139283170543 -3.105350862160296 
-1.7687139283170543 -3.105350862160296 
-1.7687139283170543 -3.105350862160296 
-1.7687139283170543 -3.105350862160296 
-1.7687139283170543 -3.105350862160296 
-1.7687139283170543 -3.105350862160296 
-1.7687139283170543 -3.105350862160296 
-1.7687139283170543 -3.105350862160296 
-1.7640545939397818 -3.1108629904354395 
-1.7640545939397818 -3.1108629904354395 
-1.7640545939397818 -3.1108629904354395 
-1.7640545939397818 -3.1108629904354395 
-1.7640545939397818 -3.1108629904354395 
-1.7640545939397818 -3.1108629904354395 
-1.7640545939397818 -3.1108629904354395 
-1.7640545939397818 -3.1108629904354395 
-1.7410102789727275 -3.0316988239661216 
-1.7410102789727275 -3.0316988239661216 
-1.7410102789727275 -3.0316988239661216 
-1.7410102789727275 -3.0316988239661216 
-1.7410102789727275 -3.0316988239661216 
-1.7410102789727275 -3.0316988239661216 
-1.7372078773342474 -2.9805323299105497 
-1.7372078773342474 -2.9805323299105497 
-1.7304029065714233 -2.951464311091361 
-1.7094300995564697 -2.999286925826027 
-1.7094300995564697 -2.999286925826027 
-1.7065339538866808 -2.931140455666915 
-1.7065339538866808 -2.931140455666915 
-1.7065339538866808 -2.931140455666915 
-1.7065339538866808 -2.931140455666915 
-1.7065339538866808 -2.931140455666915 
-1.7065339538866808 -2.931140455666915 
-1.6979921910597378 -2.9534146219665347 
-1.6979921910597378 -2.9534146219665347 
-1.6896440959953254 -2.889056852246302 
-1.6834944211257221 -2.959798569988015 
-1.6834944211257221 -2.959798569988015 
-1.6834944211257221 -2.959798569988015 
-1.6699550210326073 -2.85618194002157 
-1.6621649434147532 -2.9453550643977584 
-1.655737490767372 -2.971754144091732 
-1.655737490767372 -2.971754144091732 
-1.6543388893687707 -2.9778365475684176 
-1.6543388893687707 -2.9778365475684176 
-1.6543388893687707 -2.9778365475684176 
-1.6539060014796343 -2.9024121173389976 
-1.6539060014796343 -2.9024121173389976 
-1.6539060014796343 -2.9024121173389976 
-1.6539060014796343 -2.9024121173389976 
-1.6539060014796343 -2.9024121173389976 
-1.6539060014796343 -2.9024121173389976 
-1.6539060014796343 -2.9024121173389976 
-1.6539060014796343 -2.9024121173389976 
-1.6539060014796343 -2.9024121173389976 
-1.6539060014796343 -2.9024121173389976 
-1.6539060014796343 -2.9024121173389976 
-1.6539060014796343 -2.9024121173389976 
-1.6488098583726696 -2.906940627589416 
-1.6488098583726696 -2.906940627589416 
-1.6440149154967514 -2.900079247849009 
-1.6440149154967514 -2.900079247849009 
-1.641361090979092 -2.8737823519611494 
-1.6360817717042127 -2.9091452587755597 
-1.6344645981577421 -2.887813511479204 
-1.6344645981577421 -2.887813511479204 
-1.6277300638344672 -2.7663633851355 
-1.6277300638344672 -2.7663633851355 
-1.6277300638344672 -2.7663633851355 
-1.621688253419203 -2.791430635960957 
-1.6141015377361165 -2.8473977259998424 
-1.6135342659957903 -2.7716474250964804 
-1.6135342659957903 -2.7716474250964804 
-1.6135342659957903 -2.7716474250964804 
-1.6135342659957903 -2.7716474250964804 
-1.6135342659957903 -2.7716474250964804 
-1.6121774138926694 -2.7928905763395413 
-1.6121774138926694 -2.7928905763395413 
-1.6121774138926694 -2.7928905763395413 
-1.6121774138926694 -2.7928905763395413 
-1.6121774138926694 -2.7928905763395413 
-1.6121774138926694 -2.7928905763395413 
-1.6102244260216982 -2.812363090086059 
-1.6102244260216982 -2.812363090086059 
-1.6102244260216982 -2.812363090086059 
-1.6102244260216982 -2.812363090086059 
-1.6102244260216982 -2.812363090086059 
-1.6083947855617706 -2.7555676426451603 
-1.5995307136172034 -2.7886781926290296 
-1.5995307136172034 -2.7886781926290296 
-1.5995307136172034 -2.7886781926290296 
-1.5995307136172034 -2.7886781926290296 
-1.595813616738839 -2.7559094677035016 
-1.595813616738839 -2.7559094677035016 
-1.5788461483791987 -2.8258700880381946 
-1.5788461483791987 -2.8258700880381946 
-1.5788461483791987 -2.8258700880381946 
-1.577881236098497 -2.809030906539504 
-1.577881236098497 -2.809030906539504 
-1.577881236098497 -2.809030906539504 
-1.5731496671073253 -2.7623660503873984 
-1.5731496671073253 -2.7623660503873984 
-1.5731496671073253 -2.7623660503873984 
-1.5731496671073253 -2.7623660503873984 
-1.5602337695790736 -2.7701396734333557 
-1.5602337695790736 -2.7701396734333557 
-1.5602337695790736 -2.7701396734333557 
-1.5602337695790736 -2.7701396734333557 
-1.5602337695790736 -2.7701396734333557 
-1.5484509408203428 -2.7207542803311995 
-1.5484509408203428 -2.7207542803311995 
-1.5484509408203428 -2.7207542803311995 
-1.5484509408203428 -2.7207542803311995 
-1.5484509408203428 -2.7207542803311995 
-1.5484509408203428 -2.7207542803311995 
-1.5484509408203428 -2.7207542803311995 
-1.5484509408203428 -2.7207542803311995 
-1.5484509408203428 -2.7207542803311995 
-1.5484509408203428 -2.7207542803311995 
-1.5484509408203428 -2.7207542803311995 
-1.5484509408203428 -2.7207542803311995 
-1.5338762685398568 -2.668921189507234 
-1.5338762685398568 -2.668921189507234 
-1.5338762685398568 -2.668921189507234 
-1.5338762685398568 -2.668921189507234 
-1.5338762685398568 -2.668921189507234 
-1.5338762685398568 -2.668921189507234 
-1.5338762685398568 -2.668921189507234 
-1.5338762685398568 -2.668921189507234 
-1.527177717249275 -2.671657978347282 
-1.527177717249275 -2.671657978347282 
-1.527177717249275 -2.671657978347282 
-1.527177717249275 -2.671657978347282 
-1.527177717249275 -2.671657978347282 
-1.527177717249275 -2.671657978347282 
-1.527177717249275 -2.671657978347282 
-1.527177717249275 -2.671657978347282 
-1.5226552579761354 -2.652326261907263 
-1.5226552579761354 -2.652326261907263 
-1.5226552579761354 -2.652326261907263 
-1.5226552579761354 -2.652326261907263 
-1.5226552579761354 -2.652326261907263 
-1.5226552579761354 -2.652326261907263 
-1.5226552579761354 -2.652326261907263 
-1.5226552579761354 -2.652326261907263 
-1.5226552579761354 -2.652326261907263 
-1.5226552579761354 -2.652326261907263 
-1.5226552579761354 -2.652326261907263 
-1.5226552579761354 -2.652326261907263 
-1.5169748151936402 -2.6292912640301793 
-1.5169748151936402 -2.6292912640301793 
-1.5140091959188835 -2.6458011868964215 
-1.5140091959188835 -2.6458011868964215 
-1.5140091959188835 -2.6458011868964215 
-1.5140091959188835 -2.6458011868964215 
-1.5140091959188835 -2.6458011868964215 
-1.5111107483031236 -2.654218727836203 
-1.5111107483031236 -2.654218727836203 
-1.5104280286468537 -2.6561856167179205 
-1.5019236045720732 -2.630561322737222 
-1.5019236045720732 -2.630561322737222 
-1.5019236045720732 -2.630561322737222 
-1.496467215378599 -2.6047792568337576 
-1.4934285754156094 -2.6077258269701935 
-1.4899849970319738 -2.6088928321467577 
-1.4899849970319738 -2.6088928321467577 
-1.4881479344914417 -2.6009330406626052 
-1.4881479344914417 -2.6009330406626052 
-1.4454830066572644 -2.6546023730520583 
-1.4454830066572644 -2.6546023730520583 
-1.42396546322389 -2.63239168980543 
-1.4192113718776198 -2.6249738035015273 
-1.4192113718776198 -2.6249738035015273 
-1.4192113718776198 -2.6249738035015273 
-1.4153241017966924 -2.5152930869142605 
-1.4034267490438335 -2.5193071681624506 
-1.4034267490438335 -2.5193071681624506 
-1.4034267490438335 -2.5193071681624506 
-1.4034267490438335 -2.5193071681624506 
-1.4034267490438335 -2.5193071681624506 
-1.4034267490438335 -2.5193071681624506 
-1.4034267490438335 -2.5193071681624506 
-1.4034267490438335 -2.5193071681624506 
-1.4034267490438335 -2.5193071681624506 
-1.4034267490438335 -2.5193071681624506 
-1.4034267490438335 -2.5193071681624506 
-1.4034267490438335 -2.5193071681624506 
-1.4034267490438335 -2.5193071681624506 
-1.4034267490438335 -2.5193071681624506 
-1.4034267490438335 -2.5193071681624506 
-1.4034267490438335 -2.5193071681624506 
-1.3938873628674813 -2.620077814469323 
-1.3938873628674813 -2.620077814469323 
-1.3929814405258147 -2.6087488844162774 
-1.3929814405258147 -2.6087488844162774 
-1.3929814405258147 -2.6087488844162774 
-1.3929814405258147 -2.6087488844162774 
-1.3929814405258147 -2.6087488844162774 
-1.3929814405258147 -2.6087488844162774 
-1.3929814405258147 -2.6087488844162774 
-1.3929814405258147 -2.6087488844162774 
-1.3929814405258147 -2.6087488844162774 
-1.3929814405258147 -2.6087488844162774 
-1.3929814405258147 -2.6087488844162774 
-1.3906140162833904 -2.5501967639974836 
-1.3906140162833904 -2.5501967639974836 
-1.3906140162833904 -2.5501967639974836 
-1.3906140162833904 -2.5501967639974836 
-1.3906140162833904 -2.5501967639974836 
-1.3906140162833904 -2.5501967639974836 
-1.3906140162833904 -2.5501967639974836 
-1.3906140162833904 -2.5501967639974836 
-1.3906140162833904 -2.5501967639974836 
-1.3781532527952294 -2.615059173417707 
-1.3781532527952294 -2.615059173417707 
-1.3781532527952294 -2.615059173417707 
-1.3781532527952294 -2.615059173417707 
-1.3781532527952294 -2.615059173417707 
-1.3781532527952294 -2.615059173417707 
-1.3781532527952294 -2.615059173417707 
-1.3781532527952294 -2.615059173417707 
-1.3781532527952294 -2.615059173417707 
-1.3781532527952294 -2.615059173417707 
-1.3754096042566246 -2.5099551126698345 
-1.3754096042566246 -2.5099551126698345 
-1.3754096042566246 -2.5099551126698345 
-1.3754096042566246 -2.5099551126698345 
-1.3754096042566246 -2.5099551126698345 
-1.374508703355724 -2.5827266371843622 
-1.374508703355724 -2.5827266371843622 
-1.3718513691906784 -2.4899615771764028 
-1.3718513691906784 -2.4899615771764028 
-1.369945123382308 -2.4967747940822314 
-1.369945123382308 -2.4967747940822314 
-1.366445963785273 -2.482222148883362 
-1.366445963785273 -2.482222148883362 
-1.366445963785273 -2.482222148883362 
-1.366445963785273 -2.482222148883362 
-1.366445963785273 -2.482222148883362 
-1.366445963785273 -2.482222148883362 
-1.360053350196452 -2.5191902090759473 
-1.360053350196452 -2.5191902090759473 
-1.360053350196452 -2.5191902090759473 
-1.3589779192702747 -2.5038801145477425 
-1.3589779192702747 -2.5038801145477425 
-1.3589779192702747 -2.5038801145477425 
-1.3589779192702747 -2.5038801145477425 
-1.3589779192702747 -2.5038801145477425 
-1.3589779192702747 -2.5038801145477425 
-1.3584369544435955 -2.5193523756691776 
-1.3584369544435955 -2.5193523756691776 
-1.3570810066590764 -2.5066175428722772 
-1.3539295647461915 -2.422467866874221 
-1.3539295647461915 -2.422467866874221 
-1.35135507529447 -2.332418288861329 
-1.349704780589545 -2.3903610066778453 
-1.3490518229912178 -2.354978457083366 
-1.3490518229912178 -2.354978457083366 
-1.3490518229912178 -2.354978457083366 
-1.3490518229912178 -2.354978457083366 
-1.3490518229912178 -2.354978457083366 
-1.3490518229912178 -2.354978457083366 
-1.3474890788124398 -2.339211458970256 
-1.346736293506809 -2.3284742671774925 
-1.346736293506809 -2.3284742671774925 
-1.346736293506809 -2.3284742671774925 
-1.346736293506809 -2.3284742671774925 
-1.346736293506809 -2.3284742671774925 
-1.346736293506809 -2.3284742671774925 
-1.346736293506809 -2.3284742671774925 
-1.346736293506809 -2.3284742671774925 
-1.346736293506809 -2.3284742671774925 
-1.346736293506809 -2.3284742671774925 
-1.346736293506809 -2.3284742671774925 
-1.346736293506809 -2.3284742671774925 
-1.3425821024942906 -2.31224470339445 
-1.3425821024942906 -2.31224470339445 
-1.3425821024942906 -2.31224470339445 
-1.3425821024942906 -2.31224470339445 
-1.3425821024942906 -2.31224470339445 
-1.3425821024942906 -2.31224470339445 
-1.3425821024942906 -2.31224470339445 
-1.3425821024942906 -2.31224470339445 
-1.3425821024942906 -2.31224470339445 
-1.3425821024942906 -2.31224470339445 
-1.3425821024942906 -2.31224470339445 
-1.3425821024942906 -2.31224470339445 
-1.3425821024942906 -2.31224470339445 
-1.3425821024942906 -2.31224470339445 
-1.3425821024942906 -2.31224470339445 
-1.3425821024942906 -2.31224470339445 
-1.3330399449069392 -2.3058108453279487 
-1.3330399449069392 -2.3058108453279487 
-1.3330399449069392 -2.3058108453279487 
-1.3330399449069392 -2.3058108453279487 
-1.3330399449069392 -2.3058108453279487 
-1.3330399449069392 -2.3058108453279487 
-1.3330399449069392 -2.3058108453279487 
-1.3330399449069392 -2.3058108453279487 
-1.3330399449069392 -2.3058108453279487 
-1.3330399449069392 -2.3058108453279487 
-1.3330399449069392 -2.3058108453279487 
-1.3330399449069392 -2.3058108453279487 
-1.2973501842124313 -2.3739864388263303 
-1.2973501842124313 -2.3739864388263303 
-1.2973501842124313 -2.3739864388263303 
-1.2973501842124313 -2.3739864388263303 
-1.2973501842124313 -2.3739864388263303 
-1.2973501842124313 -2.3739864388263303 
-1.2973501842124313 -2.3739864388263303 
-1.2973501842124313 -2.3739864388263303 
-1.2973501842124313 -2.3739864388263303 
-1.2973501842124313 -2.3739864388263303 
-1.2930446500101618 -2.333643997320306 
-1.2930446500101618 -2.333643997320306 
-1.2930446500101618 -2.333643997320306 
-1.2930446500101618 -2.333643997320306 
-1.2930446500101618 -2.333643997320306 
-1.2930446500101618 -2.333643997320306 
-1.2930446500101618 -2.333643997320306 
-1.2930446500101618 -2.333643997320306 
-1.2930446500101618 -2.333643997320306 
-1.2745977747963693 -2.41862515559933 
-1.2745977747963693 -2.41862515559933 
-1.2745977747963693 -2.41862515559933 
-1.2745977747963693 -2.41862515559933 
-1.2745977747963693 -2.41862515559933 
-1.2745977747963693 -2.41862515559933 
-1.2745977747963693 -2.41862515559933 
-1.2745977747963693 -2.41862515559933 
-1.272191071558066 -2.4479772868699565 
-1.272191071558066 -2.4479772868699565 
-1.272191071558066 -2.4479772868699565 
-1.272191071558066 -2.4479772868699565 
-1.272191071558066 -2.4479772868699565 
-1.272191071558066 -2.4479772868699565 
-1.272191071558066 -2.4479772868699565 
-1.272191071558066 -2.4479772868699565 
-1.272191071558066 -2.4479772868699565 
-1.272191071558066 -2.4479772868699565 
-1.272191071558066 -2.4479772868699565 
-1.272191071558066 -2.4479772868699565 
-1.272191071558066 -2.4479772868699565 
-1.272191071558066 -2.4479772868699565 
-1.272191071558066 -2.4479772868699565 
-1.272191071558066 -2.4479772868699565 
-1.272191071558066 -2.4479772868699565 
-1.272191071558066 -2.4479772868699565 
-1.272191071558066 -2.4479772868699565 
-1.272191071558066 -2.4479772868699565 
-1.272191071558066 -2.4479772868699565 
-1.272191071558066 -2.4479772868699565 
-1.272191071558066 -2.4479772868699565 
-1.272191071558066 -2.4479772868699565 
-1.272191071558066 -2.4479772868699565 
-1.272191071558066 -2.4479772868699565 
-1.272191071558066 -2.4479772868699565 
-1.272191071558066 -2.4479772868699565 
-1.2323038726950628 -2.535769796837717 
-1.228590143415316 -2.507191224168224 
-1.228590143415316 -2.507191224168224 
-1.228590143415316 -2.507191224168224 
-1.228590143415316 -2.507191224168224 
-1.228590143415316 -2.507191224168224 
-1.2242041785030353 -2.5070480858180764 
-1.2242041785030353 -2.5070480858180764 
-1.2242041785030353 -2.5070480858180764 
-1.2242041785030353 -2.5070480858180764 
-1.2242041785030353 -2.5070480858180764 
-1.2242041785030353 -2.5070480858180764 
-1.2242041785030353 -2.5070480858180764 
-1.2242041785030353 -2.5070480858180764 
-1.2242041785030353 -2.5070480858180764 
-1.2242041785030353 -2.5070480858180764 
-1.2242041785030353 -2.5070480858180764 
-1.2167414919358712 -2.479581326664187 
-1.2167414919358712 -2.479581326664187 
-1.2167414919358712 -2.479581326664187 
-1.2167414919358712 -2.479581326664187 
-1.2167414919358712 -2.479581326664187 
-1.2167414919358712 -2.479581326664187 
-1.2167414919358712 -2.479581326664187 
-1.2167414919358712 -2.479581326664187 
-1.2132429519598606 -2.4782340739347832 
-1.2132429519598606 -2.4782340739347832 
-1.2132429519598606 -2.4782340739347832 
-1.2132429519598606 -2.4782340739347832 
-1.2132429519598606 -2.4782340739347832 
-1.2132429519598606 -2.4782340739347832 
-1.2132429519598606 -2.4782340739347832 
-1.2132429519598606 -2.4782340739347832 
-1.2132429519598606 -2.4782340739347832 
-1.2098422391205816 -2.4623597530070356 
-1.2098422391205816 -2.4623597530070356 
-1.2098422391205816 -2.4623597530070356 
-1.2098422391205816 -2.4623597530070356 
-1.2098422391205816 -2.4623597530070356 
-1.209030814258524 -2.4625807158970363 
-1.209030814258524 -2.4625807158970363 
-1.209030814258524 -2.4625807158970363 
-1.209030814258524 -2.4625807158970363 
-1.209030814258524 -2.4625807158970363 
-1.209030814258524 -2.4625807158970363 
-1.209030814258524 -2.4625807158970363 
-1.209030814258524 -2.4625807158970363 
-1.209030814258524 -2.4625807158970363 
-1.209030814258524 -2.4625807158970363 
-1.209030814258524 -2.4625807158970363 
-1.209030814258524 -2.4625807158970363 
-1.209030814258524 -2.4625807158970363 
-1.209030814258524 -2.4625807158970363 
-1.2059791601044412 -2.4826680491392663 
-1.2059791601044412 -2.4826680491392663 
-1.204901423355829 -2.5569118829898843 
-1.204901423355829 -2.5569118829898843 
-1.1841602965566003 -2.5782230669527753 
-1.1841602965566003 -2.5782230669527753 
-1.1841602965566003 -2.5782230669527753 
-1.1841602965566003 -2.5782230669527753 
-1.1841602965566003 -2.5782230669527753 
-1.1841602965566003 -2.5782230669527753 
-1.1718162207219498 -2.6197719384472666 
-1.1685592022148148 -2.5843658304589345 
-1.1685592022148148 -2.5843658304589345 
-1.1685592022148148 -2.5843658304589345 
-1.1685592022148148 -2.5843658304589345 
-1.1685592022148148 -2.5843658304589345 
-1.1685592022148148 -2.5843658304589345 
-1.162780536224881 -2.6035963795604875 
-1.162780536224881 -2.6035963795604875 
-1.162780536224881 -2.6035963795604875 
-1.162780536224881 -2.6035963795604875 
-1.162780536224881 -2.6035963795604875 
-1.162780536224881 -2.6035963795604875 
-1.162780536224881 -2.6035963795604875 
-1.1564406879534854 -2.5369373197910443 
-1.1564406879534854 -2.5369373197910443 
-1.1564406879534854 -2.5369373197910443 
-1.1534760601737308 -2.5497153193276088 
-1.1534760601737308 -2.5497153193276088 
-1.1534760601737308 -2.5497153193276088 
-1.15250651920419 -2.5311440757356016 
-1.1339409210064952 -2.548076279694846 
-1.1339409210064952 -2.548076279694846 
-1.1339409210064952 -2.548076279694846 
-1.1339409210064952 -2.548076279694846 
-1.1339409210064952 -2.548076279694846 
-1.1339409210064952 -2.548076279694846 
-1.1339409210064952 -2.548076279694846 
-1.1339409210064952 -2.548076279694846 
-1.1339409210064952 -2.548076279694846 
-1.1339409210064952 -2.548076279694846 
-1.1339409210064952 -2.548076279694846 
-1.1339409210064952 -2.548076279694846 
-1.1339409210064952 -2.548076279694846 
-1.1339409210064952 -2.548076279694846 
-1.1339409210064952 -2.548076279694846 
-1.1339409210064952 -2.548076279694846 
-1.1339409210064952 -2.548076279694846 
-1.1339409210064952 -2.548076279694846 
-1.1310561498548617 -2.4649074274246487 
-1.1310561498548617 -2.4649074274246487 
-1.1310561498548617 -2.4649074274246487 
-1.1310561498548617 -2.4649074274246487 
-1.1310561498548617 -2.4649074274246487 
-1.1310561498548617 -2.4649074274246487 
-1.1310561498548617 -2.4649074274246487 
-1.1301305667374977 -2.477541336740474 
-1.1301305667374977 -2.477541336740474 
-1.1247704838102255 -2.4649347478147368 
-1.122887964795511 -2.468483935574059 
-1.122887964795511 -2.468483935574059 
-1.122887964795511 -2.468483935574059 
-1.122887964795511 -2.468483935574059 
-1.1219870638946101 -2.477614573465022 
-1.1219870638946101 -2.477614573465022 
-1.1219870638946101 -2.477614573465022 
-1.1219870638946101 -2.477614573465022 
-1.1219870638946101 -2.477614573465022 
-1.1219870638946101 -2.477614573465022 
-1.1198489654825357 -2.5671079557852714 
-1.1198489654825357 -2.5671079557852714 
-1.1198489654825357 -2.5671079557852714 
-1.1198489654825357 -2.5671079557852714 
-1.1198489654825357 -2.5671079557852714 
-1.1185288310699457 -2.548813137074303 
-1.1185288310699457 -2.548813137074303 
-1.1176516380874897 -2.5347022480896957 
-1.1176516380874897 -2.5347022480896957 
-1.1176516380874897 -2.5347022480896957 
-1.1176516380874897 -2.5347022480896957 
-1.1176516380874897 -2.5347022480896957 
-1.1176516380874897 -2.5347022480896957 
-1.1176516380874897 -2.5347022480896957 
-1.1176516380874897 -2.5347022480896957 
-1.1176516380874897 -2.5347022480896957 
-1.1176516380874897 -2.5347022480896957 
-1.117103989014468 -2.5724648922571838 
-1.117103989014468 -2.5724648922571838 
-1.117103989014468 -2.5724648922571838 
-1.117103989014468 -2.5724648922571838 
-1.117103989014468 -2.5724648922571838 
-1.117103989014468 -2.5724648922571838 
-1.117103989014468 -2.5724648922571838 
-1.117103989014468 -2.5724648922571838 
-1.117103989014468 -2.5724648922571838 
-1.117103989014468 -2.5724648922571838 
-1.117103989014468 -2.5724648922571838 
-1.1144724100670997 -2.550713871296371 
-1.1144724100670997 -2.550713871296371 
-1.1144724100670997 -2.550713871296371 
-1.1144724100670997 -2.550713871296371 
-1.1144724100670997 -2.550713871296371 
-1.1144724100670997 -2.550713871296371 
-1.1144724100670997 -2.550713871296371 
-1.1144724100670997 -2.550713871296371 
-1.1144724100670997 -2.550713871296371 
-1.1144724100670997 -2.550713871296371 
-1.1144724100670997 -2.550713871296371 
-1.1083202363253017 -2.6088151518481375 
-1.1083202363253017 -2.6088151518481375 
-1.1083202363253017 -2.6088151518481375 
-1.1083202363253017 -2.6088151518481375 
-1.1083202363253017 -2.6088151518481375 
-1.1083202363253017 -2.6088151518481375 
-1.1083202363253017 -2.6088151518481375 
-1.1083202363253017 -2.6088151518481375 
-1.1083202363253017 -2.6088151518481375 
-1.1083202363253017 -2.6088151518481375 
-1.1083202363253017 -2.6088151518481375 
-1.1083202363253017 -2.6088151518481375 
-1.1083202363253017 -2.6088151518481375 
-1.1083202363253017 -2.6088151518481375 
-1.1083202363253017 -2.6088151518481375 
-1.1083202363253017 -2.6088151518481375 
-1.1083202363253017 -2.6088151518481375 
-1.1083202363253017 -2.6088151518481375 
-1.1083202363253017 -2.6088151518481375 
-1.1083202363253017 -2.6088151518481375 
-1.1083202363253017 -2.6088151518481375 
-1.1083202363253017 -2.6088151518481375 
-1.1083202363253017 -2.6088151518481375 
-1.1083202363253017 -2.6088151518481375 
-1.1083202363253017 -2.6088151518481375 
-1.1083202363253017 -2.6088151518481375 
-1.1083202363253017 -2.6088151518481375 
-1.1083202363253017 -2.6088151518481375 
-1.1074658275761562 -2.6172628804291094 
-1.1074658275761562 -2.6172628804291094 
-1.1074658275761562 -2.6172628804291094 
-1.1074658275761562 -2.6172628804291094 
-1.1074658275761562 -2.6172628804291094 
-1.1056322753797712 -2.5454402512292402 
-1.1056322753797712 -2.5454402512292402 
-1.1056322753797712 -2.5454402512292402 
-1.1056322753797712 -2.5454402512292402 
-1.1056322753797712 -2.5454402512292402 
-1.1056322753797712 -2.5454402512292402 
-1.1056322753797712 -2.5454402512292402 
-1.1056322753797712 -2.5454402512292402 
-1.1056322753797712 -2.5454402512292402 
-1.1056322753797712 -2.5454402512292402 
-1.1056322753797712 -2.5454402512292402 
-1.1056322753797712 -2.5454402512292402 
-1.1056322753797712 -2.5454402512292402 
-1.1056322753797712 -2.5454402512292402 
-1.1056322753797712 -2.5454402512292402 
-1.1056322753797712 -2.5454402512292402 
-1.1056322753797712 -2.5454402512292402 
-1.1056322753797712 -2.5454402512292402 
-1.1056322753797712 -2.5454402512292402 
-1.1056322753797712 -2.5454402512292402 
-1.1056322753797712 -2.5454402512292402 
-1.1056322753797712 -2.5454402512292402 
-1.1056322753797712 -2.5454402512292402 
-1.1056322753797712 -2.5454402512292402 
-1.1056322753797712 -2.5454402512292402 
-1.1056322753797712 -2.5454402512292402 
-1.1056322753797712 -2.5454402512292402 
-1.1056322753797712 -2.5454402512292402 
-1.1056322753797712 -2.5454402512292402 
-1.1056322753797712 -2.5454402512292402 
-1.1030133002182643 -2.556253174997431 
-1.1030133002182643 -2.556253174997431 
-1.1030133002182643 -2.556253174997431 
-1.1030133002182643 -2.556253174997431 
-1.1030133002182643 -2.556253174997431 
-1.1030133002182643 -2.556253174997431 
-1.1030133002182643 -2.556253174997431 
-1.1030133002182643 -2.556253174997431 
-1.1030133002182643 -2.556253174997431 
-1.1030133002182643 -2.556253174997431 
-1.1030133002182643 -2.556253174997431 
-1.1030133002182643 -2.556253174997431 
-1.1030133002182643 -2.556253174997431 
-1.0977444889459562 -2.4590435575348764 
-1.0977444889459562 -2.4590435575348764 
-1.0941718195123766 -2.5005733547254447 
-1.0941718195123766 -2.5005733547254447 
-1.0941718195123766 -2.5005733547254447 
-1.0933823458281662 -2.497599778862307 
-1.0933823458281662 -2.497599778862307 
-1.0933823458281662 -2.497599778862307 
-1.0933823458281662 -2.497599778862307 
-1.0933823458281662 -2.497599778862307 
-1.0933823458281662 -2.497599778862307 
-1.0933823458281662 -2.497599778862307 
-1.0933823458281662 -2.497599778862307 
-1.0933823458281662 -2.497599778862307 
-1.0933823458281662 -2.497599778862307 
-1.0933823458281662 -2.497599778862307 
-1.0933823458281662 -2.497599778862307 
-1.0933823458281662 -2.497599778862307 
-1.0914469949382113 -2.457318184382573 
-1.0914469949382113 -2.457318184382573 
-1.0914469949382113 -2.457318184382573 
-1.0914469949382113 -2.457318184382573 
-1.0905383064317726 -2.4799260502942904 
-1.0905383064317726 -2.4799260502942904 
-1.0905383064317726 -2.4799260502942904 
-1.0905383064317726 -2.4799260502942904 
-1.0905383064317726 -2.4799260502942904 
-1.0864056343035404 -2.449542786080956 
-1.0864056343035404 -2.449542786080956 
-1.0864056343035404 -2.449542786080956 
-1.0864056343035404 -2.449542786080956 
-1.0864056343035404 -2.449542786080956 
-1.0855411300955484 -2.4912717821446018 
-1.0855411300955484 -2.4912717821446018 
-1.0855411300955484 -2.4912717821446018 
-1.0855411300955484 -2.4912717821446018 
-1.0855411300955484 -2.4912717821446018 
-1.0855411300955484 -2.4912717821446018 
-1.0855411300955484 -2.4912717821446018 
-1.0855411300955484 -2.4912717821446018 
-1.0855411300955484 -2.4912717821446018 
-1.0855411300955484 -2.4912717821446018 
-1.0855411300955484 -2.4912717821446018 
-1.0855411300955484 -2.4912717821446018 
-1.0855411300955484 -2.4912717821446018 
-1.0855411300955484 -2.4912717821446018 
-1.0855411300955484 -2.4912717821446018 
-1.0785590036265065 -2.492685196025785 
-1.0785590036265065 -2.492685196025785 
-1.0785590036265065 -2.492685196025785 
-1.0785590036265065 -2.492685196025785 
-1.0785590036265065 -2.492685196025785 
-1.0785590036265065 -2.492685196025785 
-1.0785590036265065 -2.492685196025785 
-1.0785590036265065 -2.492685196025785 
-1.0785590036265065 -2.492685196025785 
-1.0785590036265065 -2.492685196025785 
-1.0785590036265065 -2.492685196025785 
-1.0785590036265065 -2.492685196025785 
-1.0785590036265065 -2.492685196025785 
-1.0785590036265065 -2.492685196025785 
-1.0785590036265065 -2.492685196025785 
-1.0785590036265065 -2.492685196025785 
-1.0785590036265065 -2.492685196025785 
-1.0785590036265065 -2.492685196025785 
-1.0785590036265065 -2.492685196025785 
-1.0785590036265065 -2.492685196025785 
-1.0785590036265065 -2.492685196025785 
-1.0785590036265065 -2.492685196025785 
-1.0785590036265065 -2.492685196025785 
-1.0785590036265065 -2.492685196025785 
-1.0785590036265065 -2.492685196025785 
-1.0785590036265065 -2.492685196025785 
-1.0785590036265065 -2.492685196025785 
-1.0785590036265065 -2.492685196025785 
-1.0745726959427568 -2.5247083183142998 
-1.0745726959427568 -2.5247083183142998 
-1.0745726959427568 -2.5247083183142998 
-1.0745726959427568 -2.5247083183142998 
-1.0745726959427568 -2.5247083183142998 
-1.0745726959427568 -2.5247083183142998 
-1.0745726959427568 -2.5247083183142998 
-1.0745726959427568 -2.5247083183142998 
-1.0745726959427568 -2.5247083183142998 
-1.0745726959427568 -2.5247083183142998 
-1.0745726959427568 -2.5247083183142998 
-1.0745726959427568 -2.5247083183142998 
-1.0745726959427568 -2.5247083183142998 
-1.0745726959427568 -2.5247083183142998 
-1.0745726959427568 -2.5247083183142998 
-1.0745726959427568 -2.5247083183142998 
-1.0745726959427568 -2.5247083183142998 
-1.0745726959427568 -2.5247083183142998 
-1.0745726959427568 -2.5247083183142998 
-1.0701190606617057 -2.5453464897518456 
-1.0701190606617057 -2.5453464897518456 
-1.0701190606617057 -2.5453464897518456 
-1.0701190606617057 -2.5453464897518456 
-1.0701190606617057 -2.5453464897518456 
-1.0701190606617057 -2.5453464897518456 
-1.0701190606617057 -2.5453464897518456 
-1.0701190606617057 -2.5453464897518456 
-1.0701190606617057 -2.5453464897518456 
-1.0701190606617057 -2.5453464897518456 
-1.0701190606617057 -2.5453464897518456 
-1.0701190606617057 -2.5453464897518456 
-1.0701190606617057 -2.5453464897518456 
-1.0701190606617057 -2.5453464897518456 
-1.0701190606617057 -2.5453464897518456 
-1.0701190606617057 -2.5453464897518456 
-1.066542491581704 -2.5173318043611825 
-1.066542491581704 -2.5173318043611825 
-1.066542491581704 -2.5173318043611825 
-1.066542491581704 -2.5173318043611825 
-1.066542491581704 -2.5173318043611825 
-1.066542491581704 -2.5173318043611825 
-1.066542491581704 -2.5173318043611825 
-1.0647551350575584 -2.512598860210509 
-1.0647551350575584 -2.512598860210509 
-1.0647551350575584 -2.512598860210509 
-1.0647551350575584 -2.512598860210509 
-1.0647551350575584 -2.512598860210509 
-1.0647551350575584 -2.512598860210509 
-1.0647551350575584 -2.512598860210509 
-1.0647551350575584 -2.512598860210509 
-1.0647551350575584 -2.512598860210509 
-1.0647551350575584 -2.512598860210509 
