-9.139137944588121 -4.66506230650156 
-8.569607680302456 -4.443983911187044 
-8.199757756021773 -4.40225990088386 
-7.9006673919822 -4.390161409791916 
-7.686232016706609 -4.32283104629377 
-7.495872049303994 -4.314484134435138 
-7.2821444722899535 -4.281343409254223 
-7.078352731091897 -4.262601579710599 
-6.930671066002394 -4.265997860627208 
-6.741331899162353 -4.304003485798442 
-6.580161011395624 -4.288760584502106 
-6.423828377325367 -4.271109594097378 
-6.308821298508273 -4.291777923341978 
-6.19589277399163 -4.205820299107546 
-6.084739916843636 -4.227904491391853 
-6.002299184688241 -4.173759953289274 
-5.9256393642212615 -4.149048211335003 
-5.794677906784389 -4.138057477881386 
-5.7007044035884284 -4.177398015883482 
-5.602655534071906 -4.15714673847439 
-5.52527065072853 -4.157179807544343 
-5.428090409558386 -4.1122690240065936 
-5.344486749590794 -4.093994162049251 
-5.251718257980149 -4.078299781778093 
-5.157687308192509 -4.103305666990857 
-5.089571843023653 -4.060800646174123 
-5.01670936090133 -4.060271077325278 
-4.9013839452129435 -4.054438605597747 
-4.819384029744666 -4.04932623221914 
-4.7330485854669675 -4.061053073640909 
-4.677171936719706 -4.011869580929698 
-4.603364335049072 -4.0014555767301845 
-4.558159581362629 -4.010093038582011 
-4.505369766550655 -4.03777208249839 
-4.42370372464078 -3.9992268791273506 
-4.374448377044627 -3.9696756264571293 
-4.332277875356999 -3.988068711979958 
-4.282838183194533 -4.0093507540121065 
-4.225804203502052 -3.96846620386224 
-4.166904333930901 -3.9860128641528894 
-4.119807318537825 -3.951688364724348 
-4.05463911356481 -3.963039305988715 
-3.9475959459924543 -3.9657962279066723 
-3.909233687716778 -3.9303287537308043 
-3.8626954299774567 -3.929752685966364 
-3.810398464527266 -3.9148313553679888 
-3.7722695603359777 -3.9039627949594418 
-3.741321236062813 -3.899821138956181 
-3.695591265081588 -3.918362496943872 
-3.6582407629709373 -3.9302839408314196 
-3.6090316151424284 -3.9333728527881626 
-3.5846900600338363 -3.921380528034261 
-3.5443730447085895 -3.9250279578076617 
-3.5086640086975085 -3.919534911773381 
-3.4708484496017458 -3.908739742314144 
-3.4403254074717124 -3.906350284471689 
-3.4097624927905112 -3.9111608997427822 
-3.370877180360336 -3.900006422917254 
-3.3448782676307895 -3.898945513408998 
-3.3177882665511045 -3.892653250393497 
-3.2831140958874396 -3.8966098023766853 
-3.2624560534670293 -3.901141533106976 
-3.2398500578937 -3.900348228788563 
-3.2101802312503596 -3.878056454536995 
-3.177910904115216 -3.8747464535143084 
-3.159842455517658 -3.874003603244862 
-3.13650076208397 -3.885741915375715 
-3.1055283984802817 -3.8916273639684045 
-3.0929298914281254 -3.8468173289106153 
-3.0746122251252443 -3.8345562745907573 
-3.040646003447868 -3.854595602040347 
-3.018575178145573 -3.8669722911405615 
-2.9971530860678186 -3.8617447619206544 
-2.9809739446819097 -3.8579999622999503 
-2.9509358880311214 -3.8512355990740006 
-2.9252294168910087 -3.840435866209381 
-2.9090239985692063 -3.830035745546881 
-2.8939689930467773 -3.8393785367879945 
-2.876765498080356 -3.8381512648483844 
-2.867229464767237 -3.850564565080936 
-2.8440777749766397 -3.8455001016156993 
-2.8257535997970513 -3.841850617957771 
-2.8001742335462705 -3.842956968027442 
-2.7785213602990053 -3.8446327048989044 
-2.757124070222979 -3.8198383712649853 
-2.7287936822423187 -3.83053822717914 
-2.705246890788831 -3.8140685491795145 
-2.6895865267618473 -3.8258037810219387 
-2.6734005700136483 -3.830712702795689 
-2.594624370815462 -3.8388915177076464 
-2.563722861090275 -3.844540883162768 
-2.5517856197619695 -3.837307910685069 
-2.534330096845503 -3.8406701226056867 
-2.5308530107862763 -3.836405329001967 
-2.52289103827359 -3.840545046312497 
-2.4991121370663723 -3.826980126858162 
-2.4918990015683367 -3.8245569720033497 
-2.479844323268817 -3.8248208004316253 
-2.466254894852456 -3.8323892429333526 
-2.452779513279858 -3.827482122710852 
-2.4415835039215223 -3.8381957481210813 
-2.436804050660902 -3.82706967892267 
-2.4212493357604217 -3.829175050143183 
-2.412307725243871 -3.8289139119869326 
-2.3981369162579305 -3.8306485159661223 
-2.3916109130164864 -3.8313543046856555 
-2.3749691729383633 -3.833935890455805 
-2.363354693716593 -3.8346810539741725 
-2.3540370453126265 -3.825928774548342 
-2.3364778423621058 -3.8154280149166464 
-2.3303039664134495 -3.8101960292041994 
-2.3177438000348896 -3.8084098096735217 
-2.3040818240704057 -3.8141836208840862 
-2.2908339162379434 -3.8183657927445824 
-2.2785439145722295 -3.8200300879672313 
-2.2636584937893245 -3.806408766265519 
-2.2553692201358975 -3.7966176596936143 
-2.228554212745832 -3.8062086287355483 
-2.2212439539954545 -3.8091020560381446 
-2.2004289677059146 -3.8115355942376694 
-2.1918268895936914 -3.8269201751317716 
-2.185872461518441 -3.827392716463782 
-2.180594867708932 -3.8150387367885905 
-2.173713243017722 -3.8138483593907075 
-2.1657644593170184 -3.799716608933751 
-2.155806363014849 -3.799979523053851 
-2.1446123171303966 -3.7912472429851793 
-2.1324037146860078 -3.771292300727987 
-2.124577102766573 -3.7715312933371137 
-2.111352691823371 -3.761941628163031 
-2.1016820805617167 -3.756516186056922 
-2.097251166721234 -3.7464823255775084 
-2.083178012641691 -3.760329372069037 
-2.0788220127719046 -3.7511328624063203 
-2.0727753767042514 -3.752955712458867 
-2.0682048737128467 -3.7355555513410006 
-2.065554104683388 -3.7545714786334266 
-2.0599775480915032 -3.751875791168466 
-2.048950051871366 -3.7273608052731317 
-2.045170855214758 -3.7273223520109697 
-2.041407654919056 -3.7315468984684808 
-2.0304871319921816 -3.7232601891223243 
-2.0201741266396946 -3.7178486636268495 
-2.016754573463137 -3.7148506369499157 
-2.0121380041748744 -3.7127802591123547 
-1.9999277077943685 -3.7156248880788993 
-1.9929151144970105 -3.7113947086071217 
-1.985540300557287 -3.7038394886985064 
-1.9837465260018803 -3.70259628923314 
-1.9804462330019599 -3.701894106760137 
-1.9761482028163113 -3.703731879859216 
-1.9621257231371254 -3.701872877216509 
-1.9590917154901828 -3.6968240017363105 
-1.9505696492310045 -3.6926278569893127 
-1.9391135603425091 -3.685902006831708 
-1.9334798080677837 -3.670036347410621 
-1.9169253069053185 -3.677051179412648 
-1.9075714665266803 -3.689173148803464 
-1.8973503683143869 -3.686163834543145 
-1.88964682713477 -3.696112813656814 
-1.8856185499692952 -3.6890272590452495 
-1.8788654759062609 -3.680455565436399 
-1.8738706424458722 -3.67666528293738 
-1.8698420565655016 -3.6812293277995556 
-1.8672864227188266 -3.683942271974496 
-1.8599447899857697 -3.6721811568311558 
-1.8585094952284114 -3.679288325630011 
-1.8476014267426637 -3.675081086456536 
-1.8463384274928913 -3.6779980059240547 
-1.8431792780173746 -3.6677816188134496 
-1.8388542159295258 -3.667344564258577 
-1.8322674223980078 -3.673376999797021 
-1.8239465021381398 -3.678642942970364 
-1.8074184731979372 -3.6667696724276824 
-1.8034825581745266 -3.6679779163774886 
-1.799633575810199 -3.6690771499586603 
-1.794837137652965 -3.6686226616015722 
-1.7939214025033343 -3.6653564969619774 
-1.7883257444599383 -3.6711062389522318 
-1.7826351115471277 -3.6626956534710065 
-1.7759733904111323 -3.6468717112693523 
-1.7735042880446235 -3.6442837748826773 
-1.7727484308437658 -3.6432039682556034 
-1.7701174460319642 -3.6506496975074305 
-1.7661571657726711 -3.6466274049056615 
-1.7625668198147026 -3.649033799894786 
-1.757192478299698 -3.6392980018676035 
-1.7511663118134801 -3.6313474707721194 
-1.7435835115053664 -3.6289693884567096 
-1.7416408993201151 -3.6299967641019233 
-1.7378895959709235 -3.6271278197500445 
-1.7349517881884817 -3.625643997407691 
-1.7278488017537568 -3.624799788278838 
-1.7215422244148915 -3.620349520662322 
-1.7190856383085862 -3.6200954600689728 
-1.7136007426831235 -3.6181361280245574 
-1.708444341470153 -3.621374772975573 
-1.7052116168664686 -3.610840541529324 
-1.7008966009315702 -3.6105661363860158 
-1.6983598292544237 -3.613569222200997 
-1.6954760241480282 -3.6148537056403702 
-1.689701018900609 -3.629903950962676 
-1.688957386255136 -3.6254951638887976 
-1.6818042969093887 -3.6277899880280136 
-1.676260082227387 -3.62585719270033 
-1.6750299505349457 -3.6248658974874033 
-1.6720567643970208 -3.626218539775984 
-1.6706956133073623 -3.6292752254342022 
-1.6655356970136392 -3.6262748540964425 
-1.662872910382357 -3.6323727202049056 
-1.6618079493793267 -3.625575175663429 
-1.6562793275047278 -3.62107954694955 
-1.6537135993683305 -3.6182941443834036 
-1.653383559797318 -3.6222141119041433 
-1.6441905793503881 -3.6141003338985094 
-1.6348198400088574 -3.618102271486279 
-1.6323783257205595 -3.614913437959982 
-1.6289139968754323 -3.6249159125396417 
-1.623010383883611 -3.625701107114438 
-1.6224174414724868 -3.6251571971483645 
-1.6224174414724868 -3.6251571971483645 
-1.6211539260734058 -3.6229959727345715 
-1.6211539260734058 -3.6229959727345715 
-1.6150976351048518 -3.62240289258607 
-1.6095621722582918 -3.6208045183770547 
-1.6070962776789781 -3.6265975869005467 
-1.6043680567493688 -3.6242433338077813 
-1.603370701294897 -3.618162540015666 
-1.5997517263751828 -3.6083107605934845 
-1.593948610436247 -3.610643376950016 
-1.5892594931477984 -3.597185666991692 
-1.580976524033725 -3.5899007186309126 
-1.5784686974074429 -3.582712611099976 
-1.577481172615235 -3.5767221445430772 
-1.5727920994313676 -3.5864655433988104 
-1.5664556990271694 -3.5815554297633865 
-1.5594278171897333 -3.586118047760477 
-1.5547411214171727 -3.5917549145974412 
-1.5498953185950453 -3.5775573788067727 
-1.546013732327275 -3.5920798404936582 
-1.544330257577002 -3.5948345871426017 
-1.5388745459299171 -3.5908350908002915 
-1.5354187145787668 -3.5782755272605447 
-1.5318241420778977 -3.561701514459803 
-1.5271739368561472 -3.5713443915275986 
-1.5214995366673039 -3.5702369138267507 
-1.5189038506651655 -3.562167599697641 
-1.5179599913730757 -3.5577537134223878 
-1.512860299077925 -3.5705316666962883 
-1.512140084453967 -3.5756325517152434 
-1.5059607605854322 -3.5742328953363396 
-1.503848047031717 -3.584531511047461 
-1.4974748263221063 -3.5793356662980496 
-1.4903127035441857 -3.5797908776540965 
-1.4872990328308269 -3.5700714456527636 
-1.484943597975682 -3.564483954210445 
-1.4801663031979193 -3.5642862358842495 
-1.4777874765743366 -3.560868761500193 
-1.4738348691147602 -3.5636933281707885 
-1.4680447817026805 -3.554242787677843 
-1.4675231852731556 -3.552112328190954 
-1.4663583270417369 -3.5599041209405917 
-1.461744069805652 -3.5488556079687927 
-1.459644596239367 -3.5537873867898293 
-1.4570453992713364 -3.5634945883091085 
-1.4498694905430323 -3.553012296943588 
-1.4410067010765846 -3.54208519670089 
-1.4386869304146974 -3.5424141679180647 
-1.435907698390075 -3.5500004418432187 
-1.4342982896650243 -3.553276714405851 
-1.4319999581174458 -3.5542290935496084 
-1.4253178272708522 -3.555355315560584 
-1.4252655925339859 -3.5559546587251263 
-1.4225628261947416 -3.5551558982095153 
-1.4206940886279684 -3.5512299027586023 
-1.419137303089969 -3.5630773202721984 
-1.4177051473170728 -3.5621877305275373 
-1.416092207231692 -3.557451267266991 
-1.4131854483705801 -3.5563714552976875 
-1.4081068606101665 -3.5456760703872967 
-1.4073337921402864 -3.545825882463681 
-1.4045665306272688 -3.548677979691722 
-1.4031855810568448 -3.543812562393387 
-1.4025748629263337 -3.5377645229182666 
-1.3987453745741583 -3.530805501945239 
-1.392870005996819 -3.5275633055511477 
-1.3923223306619095 -3.532474596416117 
-1.3919184283441315 -3.5304177140179878 
-1.3872825329570537 -3.522027059130557 
-1.3861448231286102 -3.523112032435803 
-1.3856280065727409 -3.516227935103645 
-1.3848211823629266 -3.5176176666263577 
-1.381405158630915 -3.513929732227334 
-1.3757786541841914 -3.50896144856905 
-1.3713987768866243 -3.5158143221513463 
-1.370951204240387 -3.509352035794943 
-1.370841030428892 -3.5110190918291906 
-1.370560248057046 -3.5104515893855193 
-1.3682897653969557 -3.515022571074642 
-1.3651513618823017 -3.509879075133885 
-1.364569812885892 -3.5148280870421678 
-1.364437754209439 -3.518450354781428 
-1.3589448813210414 -3.506933815685778 
-1.3581026558149412 -3.5062739637700204 
-1.3572985154270942 -3.5121810664480617 
-1.3572866144757372 -3.509478065507059 
-1.356061526128274 -3.5136347656953175 
-1.3545954296344882 -3.5095348151201846 
-1.3545954296344882 -3.5095348151201846 
-1.3536839796784523 -3.5075596401262805 
-1.353475124206439 -3.5031977515134756 
-1.351502857958996 -3.506104792004337 
-1.3494631733066473 -3.503564503499006 
-1.3467493639064783 -3.5003100185069282 
-1.3463959621607333 -3.501378816057068 
-1.3450557407349841 -3.5108253485667937 
-1.3441734165361054 -3.509645786195653 
-1.3441734165361054 -3.509645786195653 
-1.3436099375059558 -3.5037255132912235 
-1.3430328146465165 -3.5005077364318233 
-1.3398561602435135 -3.5007096702421223 
-1.333485657417511 -3.496732664069948 
-1.333457900417392 -3.4999672944390583 
-1.333457900417392 -3.4999672944390583 
-1.333236220522521 -3.4946553845622708 
-1.333236220522521 -3.4946553845622708 
-1.330891837623419 -3.493358430239983 
-1.330060758251729 -3.492602832878694 
-1.330060758251729 -3.492602832878694 
-1.3260614520876315 -3.490986946365518 
-1.3259047673914008 -3.4884897626128466 
-1.3257536839069841 -3.489648316292041 
-1.325580310718874 -3.4840380540369904 
-1.3243634016678636 -3.4824081721347673 
-1.3195061704787843 -3.484178991206438 
-1.3171962541532538 -3.480033942730447 
-1.314871635126657 -3.4773632982914306 
-1.3083532103016404 -3.469568156070126 
-1.29931881471669 -3.470492611119592 
-1.2989202933033686 -3.4764495116515444 
-1.2956230257190857 -3.480100204136672 
-1.2956230257190857 -3.480100204136672 
-1.2905359512137347 -3.460632787830746 
-1.2892643400379875 -3.466052629243764 
-1.2881570909451583 -3.465886116870537 
-1.2869054073456654 -3.463726386049431 
-1.284571605410443 -3.458338404737861 
-1.283924515848717 -3.4591148963994236 
-1.2834212808673116 -3.461239122935902 
-1.2834212808673116 -3.461239122935902 
-1.2829643224585927 -3.46151451614192 
-1.2809882896641847 -3.4582534587642115 
-1.2783990926063762 -3.4594062143333466 
-1.277681199384201 -3.4572589170174277 
-1.2763169737553608 -3.444670083089646 
-1.2756986132802068 -3.444075791510849 
-1.2742627266020528 -3.4476404858720247 
-1.2737365014786857 -3.443573533196415 
-1.2733069452872436 -3.4398852837627585 
-1.272797982473621 -3.443702415579402 
-1.2700860535643506 -3.4385017677226823 
-1.267818877933813 -3.4360845286278474 
-1.2646744550114961 -3.4418251879662916 
-1.2639150462542983 -3.4349983062259817 
-1.2627211402046874 -3.4365542842547336 
-1.2571129018091696 -3.432040936554534 
-1.248480746036309 -3.4302747889883975 
-1.248480746036309 -3.430170822847584 
-1.2479659255050883 -3.432968973585757 
-1.2479659255050883 -3.432968973585757 
-1.2448835931280675 -3.4302843025045164 
-1.2448835931280675 -3.4302843025045164 
-1.2439459614928252 -3.434727245906512 
-1.2396192502062793 -3.4293859618572204 
-1.236691545106415 -3.4360295280247133 
-1.234377876340224 -3.4373238826723047 
-1.232394559815245 -3.432064122684476 
-1.2253743761803941 -3.4381014922005426 
-1.2252831032035763 -3.437438239767054 
-1.2236816795210879 -3.435088393965406 
-1.2196271920401065 -3.44057977936755 
-1.218485807399666 -3.440121149629261 
-1.2181480885833544 -3.4398373101501964 
-1.215896951760338 -3.436090419423599 
-1.2156032262184786 -3.442267111760244 
-1.2149619037686552 -3.4336202609245965 
-1.2128703608368026 -3.4257428120112454 
-1.212803176559092 -3.42859611674005 
-1.2123984206635223 -3.426853611887049 
-1.2120682616236862 -3.4240342064637423 
-1.2120682616236862 -3.4240342064637423 
-1.211576389869207 -3.4230126785174617 
-1.2097508308424716 -3.424798751078047 
-1.2095244288919318 -3.4195246932038605 
-1.2085854722950637 -3.4131308563865392 
-1.2075032212128125 -3.4169595862038866 
-1.2067935662062674 -3.4205543847168616 
-1.2057496415843652 -3.4298633022951215 
-1.2034360828217383 -3.426141492254056 
-1.2029459292167792 -3.424416894229913 
-1.2002817169628426 -3.4340481573158437 
-1.1981115546726895 -3.435941986259192 
-1.196013382809974 -3.436483915579279 
-1.1958235141990528 -3.434160116808051 
-1.192902565899164 -3.4350024907014776 
-1.1927660114249294 -3.4429528640302687 
-1.1918671101945242 -3.4491219575167977 
-1.1915216751269722 -3.4349285881599556 
-1.1869682069457443 -3.4592154253788907 
-1.1865274500509173 -3.4557101534094308 
-1.1862445272148552 -3.4560640732554027 
-1.185349058761368 -3.4531547532485893 
-1.185349058761368 -3.4531547532485893 
-1.1849638404349354 -3.453469867364978 
-1.1847341504654196 -3.4525148783983592 
-1.184571118692482 -3.4531638807703757 
-1.1836193112976154 -3.4533436346589497 
-1.1833634678304568 -3.4471847332216354 
-1.1819083151162704 -3.4496093658356077 
-1.1809100005150452 -3.452838289271868 
-1.1807092608233516 -3.4494223872902348 
-1.1798525805607305 -3.447994162612331 
-1.1791736240124813 -3.4431766137421214 
-1.1791736240124813 -3.4431766137421214 
-1.1778442908785047 -3.4427964018199386 
-1.1736046794478217 -3.4482380695056034 
-1.1700078928544766 -3.443312962443548 
-1.1689553164575734 -3.4404849931353785 
-1.1667840617126248 -3.4350874829154603 
-1.1657403373150323 -3.440689669035177 
-1.1654660045130758 -3.443695271879491 
-1.1603961471107425 -3.445435617242313 
-1.1573397876113958 -3.4434141100224718 
-1.1567931441210562 -3.4388799040030307 
-1.155642607647575 -3.4356364933623578 
-1.155642607647575 -3.4356364933623578 
-1.1555144239608588 -3.4380057673044835 
-1.1489840106579732 -3.438153947072133 
-1.145125903671139 -3.4341683090541664 
-1.141030884173583 -3.429714541630934 
-1.1375412693505804 -3.4362111347142803 
-1.1362834025000772 -3.4281141908799566 
-1.1356557774596692 -3.4297104206408524 
-1.134277815816083 -3.424794840918859 
-1.134277815816083 -3.424794840918859 
-1.1330344200615194 -3.424242624557428 
-1.132792132201288 -3.423138404808961 
-1.1325554931297463 -3.4263990778382367 
-1.1325554931297463 -3.4263990778382367 
-1.1321004235022163 -3.4220147547201147 
-1.1310070569815096 -3.4254490451048714 
-1.1288478711381134 -3.4246203787746765 
-1.1169890668225482 -3.430514194605918 
-1.1137272512913199 -3.4292655578748468 
-1.1137272512913199 -3.4292655578748468 
-1.1119604689166485 -3.425469562876627 
-1.108348248043753 -3.41916032371016 
-1.108348248043753 -3.41916032371016 
-1.1055972074014 -3.417888008924113 
-1.1053143940996897 -3.4216205333588228 
-1.105292112459761 -3.4223812292378417 
-1.105292112459761 -3.4223812292378417 
-1.1046566816402061 -3.4265924716700447 
-1.1045577906322244 -3.4258302425389178 
-1.1006946559002126 -3.424051547532404 
-1.097539933336646 -3.426548801007422 
-1.097539933336646 -3.426548801007422 
-1.096728358394155 -3.4180582116423106 
-1.094905823605026 -3.4207106605361783 
-1.0927055207605287 -3.418243646785477 
-1.0925527414782588 -3.4218995743709324 
-1.0918670911292434 -3.421240944417133 
-1.0912903895258843 -3.41944522747056 
-1.0912847340452307 -3.4146075016742916 
-1.0905946883000297 -3.417544899077796 
-1.0894555048479595 -3.4141495718715817 
-1.0892138458517795 -3.410458729970702 
-1.087506194579393 -3.4112925992161545 
-1.084195257805346 -3.4006998297760522 
-1.0837761897739362 -3.4048040160403703 
-1.083304695955882 -3.4025832959824114 
-1.0830073106188283 -3.400164565519686 
-1.0830073106188283 -3.400164565519686 
-1.079745087183211 -3.4050388183179074 
-1.0762403434605359 -3.407062028901815 
-1.075977929869436 -3.4070239393828348 
-1.0744593830134201 -3.4104178935753553 
-1.0727538865706607 -3.416958969339896 
-1.0703752042251142 -3.407117954661119 
-1.0679555759702177 -3.397514935812569 
-1.0669148836639026 -3.406884659538516 
-1.0646129547217347 -3.4014073594666483 
-1.0641680328795393 -3.3966902778289763 
-1.063911364477743 -3.3924899147884076 
-1.0627072763089094 -3.3903346934076177 
-1.0621152913586882 -3.397936732876058 
-1.0615182540897359 -3.398966526923588 
-1.060059053132079 -3.394847039325263 
-1.0596381777112036 -3.395750424800728 
-1.0541124070145471 -3.388046402597911 
-1.0533666643979656 -3.3911352330355706 
-1.0508087738974987 -3.391928112865249 
-1.0502734202683848 -3.3927984754138634 
-1.0489551705036801 -3.3963706777066 
-1.0467279568213872 -3.3950530780088854 
-1.0466241752814203 -3.3898417893289436 
-1.0460950101628426 -3.3857181245468806 
-1.0460950101628426 -3.3857181245468806 
-1.0441039026409589 -3.3901330293742524 
-1.0436477789363485 -3.3893711939038793 
-1.042429045443831 -3.392833468699461 
-1.0422837880535294 -3.392734989331259 
-1.0403632410064483 -3.389346865487464 
-1.0395956505780586 -3.3864810048275578 
-1.0385687742525431 -3.3836257580899707 
-1.0383062206778777 -3.3850241536897885 
-1.037612555725157 -3.3885026390085686 
-1.0371846495476436 -3.3859246922983246 
-1.0364627283849894 -3.393324637979508 
-1.0344577603706802 -3.384535390714028 
-1.032148572232615 -3.3826106304385295 
-1.0301890212116582 -3.3720728204566672 
-1.0292326064755422 -3.3689785859202286 
-1.0273742565523598 -3.364317080628431 
-1.0255384146924804 -3.360981419386238 
-1.0249051177148611 -3.3626774541447766 
-1.0248239807002097 -3.3633445386802556 
-1.0246345752967079 -3.3634236963150177 
-1.0246345752967079 -3.3634236963150177 
-1.0234071652548482 -3.365980004551806 
-1.0213004386934315 -3.3595301708139056 
-1.0213004386934315 -3.3595301708139056 
-1.0204734804835311 -3.3604911718914643 
-1.0170434485047042 -3.356764739722129 
-1.016234066303166 -3.357679534562974 
-1.0160372690715735 -3.3554308242214095 
-1.0160372690715735 -3.3554308242214095 
-1.0148497773180443 -3.3561596046907893 
-1.0142556002532788 -3.353644371865992 
-1.0142556002532788 -3.353644371865992 
-1.0141073674006436 -3.347066737826803 
-1.0128639365777263 -3.338321657550359 
-1.01247839505523 -3.337335483805916 
-1.0123879768062443 -3.336161136775231 
-1.0123879768062443 -3.336161136775231 
-1.0122101119510918 -3.3359200264680355 
-1.0122101119510918 -3.3359200264680355 
-1.0087166118425546 -3.3336131325415908 
-1.0087166118425546 -3.3336131325415908 
-1.0073355460269084 -3.336768313222376 
-1.0072829990974916 -3.333514822413806 
-1.0067996847652063 -3.33731729937697 
-1.0053542523505452 -3.3488583504502234 
-1.0024372902188017 -3.345660435041002 
-1.002184013261708 -3.347738131334727 
-1.0014247498591926 -3.3495384513655915 
-1.0009547470024123 -3.345009527875932 
-0.9973522658764488 -3.344666314278479 
-0.9968972107738023 -3.3455285249562645 
-0.9968972107738023 -3.3455285249562645 
-0.9964363259141127 -3.3447927594943847 
-0.9964363259141127 -3.3447927594943847 
-0.9963268298696573 -3.344502015279812 
-0.9963268298696573 -3.344502015279812 
-0.9963268298696573 -3.344502015279812 
-0.9963268298696573 -3.344502015279812 
-0.9952771199316665 -3.3422917582540426 
-0.994984570728014 -3.344776396626237 
-0.994984570728014 -3.344776396626237 
-0.9943347072807877 -3.343346950337508 
-0.9943347072807877 -3.343346950337508 
-0.9940215629219272 -3.3402438892341917 
-0.9917020873425972 -3.3431894485123044 
-0.9896911467251172 -3.343139112196555 
-0.9885337296772452 -3.3466884401586094 
-0.9885337296772452 -3.3466884401586094 
-0.987678608473661 -3.345977315984969 
-0.9872088305917143 -3.3399881783920944 
-0.987068590725447 -3.3366802691153854 
-0.9867620538963069 -3.3367676176690106 
-0.9859163607843435 -3.3374831781857006 
-0.985692559825347 -3.3369951555435837 
-0.9688942633626932 -3.3358144970897516 
-0.9685849983043462 -3.3362707819373387 
-0.9665901691780171 -3.3312396995358524 
-0.9650310315335887 -3.330537118868689 
-0.9641889799510076 -3.334984773361585 
-0.963627037157637 -3.3354917931143775 
-0.9633251833146189 -3.3337954312420544 
-0.962765644281642 -3.334144628874972 
-0.962765644281642 -3.334144628874972 
-0.9623802269692513 -3.3341547312956292 
-0.9623802269692513 -3.3341547312956292 
-0.9623802269692513 -3.3341547312956292 
-0.9616930433678644 -3.329342590372918 
-0.9616930433678644 -3.329342590372918 
-0.9616930433678644 -3.329342590372918 
-0.9606119784135168 -3.3346465034309336 
-0.9603701340481994 -3.329821480942637 
-0.9603592972784696 -3.3294524387149895 
-0.9582922622056737 -3.3267559489128735 
-0.9570347512782416 -3.323858895925431 
-0.9561385423483983 -3.323929147711089 
-0.9536823829945452 -3.3280950325950296 
-0.9518599624205277 -3.3299618369191726 
-0.9516009574083959 -3.3279138936973025 
-0.9499895148532629 -3.3154623247792654 
-0.9480513991855054 -3.3123665200908214 
-0.9470862324449376 -3.309930222932546 
-0.94698651280872 -3.3090964219877 
-0.9464911924895963 -3.3070749247327744 
-0.9450264295947682 -3.316611622654581 
-0.9402782052007258 -3.3116512371606706 
-0.9395375854314226 -3.313920519342399 
-0.9378549990076788 -3.317146933712724 
-0.9347156292423032 -3.3150317689311244 
-0.9347156292423032 -3.3150317689311244 
-0.9319976976648425 -3.316640779445337 
-0.9300473920359725 -3.3155644232358026 
-0.9297699834002006 -3.3095704328993536 
-0.9297699834002006 -3.3095704328993536 
-0.9275251881235763 -3.311064434888746 
-0.9256273513433776 -3.312667931729964 
-0.9241039573085308 -3.3164950725076117 
-0.9240834147381622 -3.3160336409452316 
-0.9240615240041972 -3.3143875859749063 
-0.9232137418883347 -3.3076991704371825 
-0.921431210694039 -3.3078315372676057 
-0.9210012349134673 -3.3041234375527964 
-0.9203694341042719 -3.305693064816455 
-0.9203694341042719 -3.305693064816455 
-0.9193473002039211 -3.308379982004112 
-0.9188774857806182 -3.308661523434912 
-0.9188774857806182 -3.308661523434912 
-0.9188774857806182 -3.308661523434912 
-0.918671041289178 -3.305258883718745 
-0.9174008071241914 -3.307307664253253 
-0.9174008071241914 -3.307307664253253 
-0.9160984393088759 -3.305218410013556 
-0.9156155640540486 -3.3036979568540508 
-0.9138043430805222 -3.3133769389812855 
-0.9138043430805222 -3.3133769389812855 
-0.9138043430805222 -3.3133769389812855 
-0.9136138653148902 -3.314613878026826 
-0.9129067266674983 -3.3053546729268692 
-0.9105231743754335 -3.317497997712455 
-0.9094812711818109 -3.3173158353892145 
-0.9087077038844519 -3.317500034233073 
-0.9087077038844519 -3.317500034233073 
-0.9084828102880871 -3.312566325246216 
-0.9072875374109798 -3.3148027292387234 
-0.90653561244499 -3.3131266124177197 
-0.9064461732681087 -3.3100648442881107 
-0.9047664475929957 -3.311673841167356 
-0.903656625537595 -3.3064900812371087 
-0.9029943308921792 -3.3026122066131562 
-0.9017993854452898 -3.306992726143505 
-0.9017993854452898 -3.306992726143505 
-0.9013782156002953 -3.3036145536124955 
-0.9013782156002953 -3.3036145536124955 
-0.9013782156002953 -3.3036145536124955 
-0.9002043368289905 -3.3026177062099844 
-0.8994404030520361 -3.3007982464570884 
-0.8994404030520361 -3.3007982464570884 
-0.8982177430766002 -3.3041002079840727 
-0.8971037568522727 -3.303981356980355 
-0.8952115153312623 -3.304010470374928 
-0.8923888453374993 -3.3049054719591386 
-0.8912596756738024 -3.302036294588584 
-0.8903125040229168 -3.302838816201208 
-0.8899291698761086 -3.30075522784583 
-0.8895683513032198 -3.300285049379873 
-0.8891958516171271 -3.30500453146963 
-0.8884021415721565 -3.3029615379079225 
-0.8863570640694236 -3.299526006799568 
-0.8863570640694236 -3.299526006799568 
-0.8863570640694236 -3.299526006799568 
-0.886348922282786 -3.2929774744015132 
-0.8861679968828217 -3.2936978470687857 
-0.8798492431636089 -3.2899184489190634 
-0.8794228804029003 -3.289621113525497 
-0.8778981461073112 -3.291421702835831 
-0.8778270659930828 -3.293746666206146 
-0.8771690207983652 -3.2921713531486105 
-0.8771690207983652 -3.2921713531486105 
-0.8766124533019072 -3.2924707367450656 
-0.8766124533019072 -3.2924707367450656 
-0.8766124533019072 -3.2924707367450656 
-0.875787183238258 -3.291214544747386 
-0.8757295202121246 -3.2899324153285447 
-0.8754221997326936 -3.290848672638512 
-0.8748486117183721 -3.2838104306512204 
-0.8745431052021752 -3.288127679673238 
-0.8716212685659414 -3.286934270703826 
-0.8715728180481964 -3.2902778118248475 
-0.8710340666694103 -3.2901564831444734 
-0.8707064663418099 -3.290202617534618 
-0.8704616420207696 -3.296333120915283 
-0.8704616420207696 -3.296333120915283 
-0.868276516242721 -3.3024098626754874 
-0.8668788245580725 -3.29935529131032 
-0.865731864686224 -3.295433982872649 
-0.865731864686224 -3.295433982872649 
-0.8627637830875324 -3.2954338964928565 
-0.8621838563742521 -3.2921800922404487 
-0.8621838563742521 -3.2921800922404487 
-0.8619219529650353 -3.292455154146732 
-0.8618996713251066 -3.292484315159022 
-0.8618996713251066 -3.292484315159022 
-0.8618996713251066 -3.292484315159022 
-0.8618996713251066 -3.292484315159022 
-0.8599778048745225 -3.294090838224057 
-0.859059355084678 -3.296477322513138 
-0.859059355084678 -3.296477322513138 
-0.8571381875802981 -3.2882489845318843 
-0.8566517666941988 -3.2774927595004866 
-0.8563764653690554 -3.2802566970705334 
-0.855965749614739 -3.2767621018375155 
-0.8554699879123532 -3.279062237751387 
-0.8554699879123532 -3.279062237751387 
-0.8554699879123532 -3.279062237751387 
-0.8546905471304346 -3.27980290467916 
-0.8546905471304346 -3.27980290467916 
-0.8534703790671911 -3.2756429647899905 
-0.8502467893733918 -3.2745445285952806 
-0.8489155303516732 -3.2793872911308592 
-0.8485814292944028 -3.278115022551789 
-0.8485814292944028 -3.278115022551789 
-0.8482046522345552 -3.274240328228269 
-0.8482046522345552 -3.274240328228269 
-0.8480986864440917 -3.2761895577893867 
-0.8479822177741642 -3.2771248189995443 
-0.8467648326667035 -3.2673541156377373 
-0.8467648326667035 -3.2673541156377373 
-0.8463604939949354 -3.264741591660153 
-0.8454987633780247 -3.261360983640909 
-0.8454987633780247 -3.261360983640909 
-0.8454987633780247 -3.261360983640909 
-0.8450925618427506 -3.25930088078027 
-0.8436177066542071 -3.2563101265882572 
-0.8433817323754036 -3.253693842544586 
-0.8425804658161535 -3.246595021321096 
-0.8387499555449169 -3.2410103918955375 
-0.8387499555449169 -3.2410103918955375 
-0.8387499555449169 -3.2410103918955375 
-0.8385767600257324 -3.241261677176539 
-0.8385767600257324 -3.241261677176539 
-0.8384522941735104 -3.2410538396369932 
-0.8384522941735104 -3.2410538396369932 
-0.8384522941735104 -3.2410538396369932 
-0.8384522941735104 -3.2410538396369932 
-0.8384522941735104 -3.2410538396369932 
-0.8374036860863615 -3.241944308261334 
-0.8374036860863615 -3.241944308261334 
-0.8371802344178499 -3.23929762725965 
-0.836721117313538 -3.240334102592131 
-0.8354766866123363 -3.241954902831921 
-0.8346101670130922 -3.2373079587384086 
-0.8326224188509285 -3.2347824331228736 
-0.8310133966352884 -3.2329185634533006 
-0.8284721297033029 -3.2317022878100765 
-0.8266962531611068 -3.2294470267734456 
-0.8266962531611068 -3.2294470267734456 
-0.8256816518154213 -3.2288003141826076 
-0.8255461976569786 -3.2329995499569506 
-0.8250480856274952 -3.229646045725983 
-0.8250480856274952 -3.229646045725983 
-0.8247274186401615 -3.2309126389883622 
-0.8238289656795044 -3.2287129153344463 
-0.8236684799985936 -3.2318045451722606 
-0.8236684799985936 -3.2318045451722606 
-0.8228067847120377 -3.2309323221619506 
-0.8220353223533394 -3.231176903042969 
-0.821942225486049 -3.2318064274680354 
-0.821942225486049 -3.2318064274680354 
-0.8219343792868068 -3.2264872796464457 
-0.8207506182362301 -3.222660856973242 
-0.8206384457500434 -3.229921804823251 
-0.8200866276856333 -3.227951139979261 
-0.8199112792053711 -3.2320405803315757 
-0.8199112792053711 -3.2320405803315757 
-0.8191970821541376 -3.228834264788903 
-0.8171489553677173 -3.2373255719788134 
-0.8166913196491019 -3.2355459075472646 
-0.8162103308450485 -3.2401862008447253 
-0.8162103308450485 -3.2401862008447253 
-0.8150126995366171 -3.230881857194344 
-0.81276768255851 -3.2359251323980747 
-0.81276768255851 -3.2359251323980747 
-0.81276768255851 -3.2359251323980747 
-0.81276768255851 -3.2359251323980747 
-0.81276768255851 -3.2359251323980747 
-0.8118890870012401 -3.23435468622257 
-0.8107542934472135 -3.2364767960252596 
-0.8107542934472135 -3.2364767960252596 
-0.8103049300385651 -3.2277220844943915 
-0.8099763021031844 -3.2377817970237444 
-0.809495179434057 -3.2359449772574833 
-0.8090488629315803 -3.2376385044164246 
-0.8084006974596165 -3.2326139702166783 
-0.8083350884397562 -3.230190906511615 
-0.8078373852682592 -3.2252441204540823 
-0.8078373852682592 -3.2252441204540823 
-0.806478092325588 -3.2269116362686683 
-0.8048587923688294 -3.22586819637888 
-0.8039076227060681 -3.225279321988818 
-0.8037740880296409 -3.2228014629067983 
-0.8037740880296409 -3.2228014629067983 
-0.7998298403125498 -3.2181716241736398 
-0.799574755387368 -3.2197892060059954 
-0.7979830705790002 -3.2199315722162702 
-0.796527093652235 -3.2233440606915327 
-0.796527093652235 -3.2233440606915327 
-0.7957663731630673 -3.2197109686918886 
-0.7957663731630673 -3.2197109686918886 
-0.7954283811370956 -3.2193173522739165 
-0.7954283811370956 -3.2193173522739165 
-0.79523567154511 -3.211804230622156 
-0.79523567154511 -3.211804230622156 
-0.7946481479647728 -3.2251471295159124 
-0.7942329857066015 -3.225177355638285 
-0.7927639528509008 -3.2340938363424456 
-0.7922012447352513 -3.2343666446153154 
-0.7918413825209306 -3.232462924192429 
-0.7901460552946418 -3.235374869017739 
-0.7870173155331344 -3.2283215100379787 
-0.7869623191079019 -3.2303335283969035 
-0.7869623191079019 -3.2303335283969035 
-0.7868835561016424 -3.2237925050730993 
-0.7866248889450839 -3.2225308373704236 
-0.7864842407305462 -3.222720515970492 
-0.7864842407305462 -3.222720515970492 
-0.7864842407305462 -3.222720515970492 
-0.7863174164545833 -3.2243898406683895 
-0.7861942990701883 -3.2236502773097038 
-0.7861942990701883 -3.2236502773097038 
-0.7861942990701883 -3.2236502773097038 
-0.7861433696074943 -3.220437462834852 
-0.7836835367584412 -3.21758641691946 
-0.7821947824813612 -3.2210022290789477 
-0.7821947824813612 -3.2210022290789477 
-0.7821947824813612 -3.2210022290789477 
-0.7821947824813612 -3.2210022290789477 
-0.7820625859439359 -3.2221789006839208 
-0.7814740242511815 -3.222905792966809 
-0.7814740242511815 -3.222905792966809 
-0.7807438307499036 -3.2207770781303138 
-0.776005306814574 -3.220050807346773 
-0.776005306814574 -3.220050807346773 
-0.7756241133667922 -3.217109341941993 
-0.775252224180208 -3.2148751801155764 
-0.7750571614096408 -3.2154277049806352 
-0.7724164457912183 -3.215849177721406 
-0.771752146819793 -3.217093019842746 
-0.7707508991082501 -3.217611364757256 
-0.7697062943065109 -3.2150806462184107 
-0.7689781911463722 -3.2105482906912237 
-0.7689781911463722 -3.2105482906912237 
-0.7689313947085763 -3.2053073647993395 
-0.7688685336775898 -3.2023244523777215 
-0.7682491343932143 -3.1987314989456337 
-0.7680475651117838 -3.197674931530275 
-0.7680475651117838 -3.197674931530275 
-0.7679099784536891 -3.1971613925362434 
-0.7679099784536891 -3.1971613925362434 
-0.7677895132646116 -3.1985806142609188 
-0.7676239154940467 -3.1981386069042808 
-0.7667214361880511 -3.204280343482536 
-0.7645929774361361 -3.201541249276524 
-0.7643577095761991 -3.2014395566114047 
-0.7633397347259009 -3.203213307155692 
-0.7633397347259009 -3.203213307155692 
-0.7629637482691369 -3.205752499257659 
-0.7623828880937636 -3.203766950548584 
-0.7622820613141711 -3.203516675824325 
-0.7622820613141711 -3.203516675824325 
-0.7622820613141711 -3.203516675824325 
-0.7622820613141711 -3.203516675824325 
-0.7621837147655202 -3.202701320741275 
-0.7617538845484559 -3.2017467742899566 
-0.761724222472147 -3.2039088534525857 
-0.761724222472147 -3.2039088534525857 
-0.761724222472147 -3.2039088534525857 
-0.7606945183730622 -3.2064789566809315 
-0.7605780497031344 -3.205021686852378 
-0.7599687106723282 -3.2059679677817385 
-0.7599687106723282 -3.2059679677817385 
-0.7599687106723282 -3.2059679677817385 
-0.7599687106723282 -3.2059679677817385 
-0.7595065504593165 -3.20688272341716 
-0.7593060912232812 -3.2042263140651794 
-0.7593060912232812 -3.2042263140651794 
-0.7593060912232812 -3.2042263140651794 
-0.7593060912232812 -3.2042263140651794 
-0.7592281666299898 -3.210141962997398 
-0.7553423752054987 -3.2010173462501452 
-0.7553423752054987 -3.2010173462501452 
-0.754979415125683 -3.2033642215467175 
-0.7546068368842523 -3.2000918626713335 
-0.7546068368842523 -3.2000918626713335 
-0.7545280738779927 -3.2001960145746433 
-0.7545280738779927 -3.2001960145746433 
-0.7545280738779927 -3.2001960145746433 
-0.7545280738779927 -3.2001960145746433 
-0.7543219731454582 -3.1979008504101554 
-0.7543219731454582 -3.1979008504101554 
-0.7540142038300754 -3.1928574204543883 
-0.7539168388789652 -3.1922827762954458 
-0.7537703806232633 -3.1962993724589026 
-0.75339055024393 -3.1863783370226244 
-0.7530519688997619 -3.1893139863061495 
-0.7530519688997619 -3.1893139863061495 
-0.7530519688997619 -3.1893139863061495 
-0.7530519688997619 -3.1893139863061495 
-0.7530519688997619 -3.1893139863061495 
-0.7529491613343278 -3.1948805404557423 
-0.7517735226674064 -3.1992091857328115 
-0.7515760282133739 -3.195443867991984 
-0.7514912808516384 -3.1930912203854507 
-0.7490916935941846 -3.191508312215243 
-0.7488225848068285 -3.1954352144286444 
-0.7488225848068285 -3.1954352144286444 
-0.748645760133772 -3.1884795220794464 
-0.7482650411631002 -3.194707771299628 
-0.7480909099925231 -3.1946770681316545 
-0.7480909099925231 -3.1946770681316545 
-0.7473333515434479 -3.1951144329127326 
-0.7440763973899588 -3.196777904717625 
-0.743775192388565 -3.1960477458772756 
-0.7435087921221648 -3.1966122292695043 
-0.7418784907805843 -3.1959138962740528 
-0.7418784907805843 -3.1959138962740528 
-0.7418784907805843 -3.1959138962740528 
-0.7418517930756113 -3.1948971471507166 
-0.7386415212873395 -3.2009082691381945 
-0.7378456352709405 -3.1938174985892456 
-0.7375364206760117 -3.194708562662249 
-0.7373802229731143 -3.196315822084917 
-0.7371870251016412 -3.19594391634707 
-0.7371870251016412 -3.19594391634707 
-0.7371870251016412 -3.19594391634707 
-0.7371870251016412 -3.19594391634707 
-0.7371451716599555 -3.19156925619427 
-0.7365502834790222 -3.1924565941663294 
-0.7363591230101055 -3.188435229894604 
-0.7363591230101055 -3.188435229894604 
-0.7357642348291723 -3.188798842719123 
-0.7354803166832257 -3.189501666285079 
-0.7331072650512318 -3.1885026498751596 
-0.7326347997253819 -3.1917790031488837 
-0.7326347997253819 -3.1917790031488837 
-0.7326266913333702 -3.189378841884751 
-0.7324381937817895 -3.188832317454491 
-0.7322466229005635 -3.187617223700124 
-0.7315526401144601 -3.188867211509044 
-0.7315526401144601 -3.188867211509044 
-0.7315526401144601 -3.188867211509044 
-0.7312772771997249 -3.188567000197348 
-0.7312772771997249 -3.188567000197348 
-0.7312772771997249 -3.188567000197348 
-0.7310652798947044 -3.1903988261509553 
-0.7310652798947044 -3.1903988261509553 
-0.7296588811145467 -3.192212708192379 
-0.7295102019000553 -3.1930622359726235 
-0.7289373922783522 -3.190583238241383 
-0.7287985001071874 -3.191025277839049 
-0.7279465729302057 -3.1897029638938963 
-0.72711365858038 -3.193439077656448 
-0.727025553182552 -3.191649647874132 
-0.727025553182552 -3.191649647874132 
-0.727025553182552 -3.191649647874132 
-0.7267500827911137 -3.190227493535492 
-0.7267500827911137 -3.190227493535492 
-0.7266020826431135 -3.188738326995617 
-0.7262419944552885 -3.1906275859289535 
-0.7229567334461144 -3.1874050424769833 
-0.7217462848749833 -3.1977447720142034 
-0.7202530021572084 -3.193783892921855 
-0.7197204386029395 -3.184212971564583 
-0.719461584665843 -3.180521208628955 
-0.7190428750299588 -3.180788126682507 
-0.7190428750299588 -3.180788126682507 
-0.7190428750299588 -3.180788126682507 
-0.718265650350335 -3.1808575358531277 
-0.7130745650273458 -3.1902702193453374 
-0.712064887948198 -3.1818897445261243 
-0.712064887948198 -3.1818897445261243 
-0.7119872702823337 -3.181473911620527 
-0.7119872702823337 -3.181473911620527 
-0.7106664143906105 -3.1776780701858427 
-0.7103604593467573 -3.1768288913356613 
-0.7103604593467573 -3.1768288913356613 
-0.7103604593467573 -3.1768288913356613 
-0.7099198597860763 -3.180174479892881 
-0.7094500453627735 -3.181120882950623 
-0.7094500453627735 -3.181120882950623 
-0.7092424151248504 -3.1808602928769574 
-0.7092424151248504 -3.1808602928769574 
-0.7082815498681168 -3.1850125606041355 
-0.7075275575589813 -3.171530170243767 
