-10.449204808134885 -3.6805802921577357 
-10.66048339800553 -3.191725547890403 
-10.52351405731815 -2.83172425089357 
-10.528829972399471 -2.5160832098855583 
-10.50741593767014 -2.333472996634496 
-10.545094613216955 -2.160828227307627 
-10.396992127149435 -1.976812452028259 
-10.10260667750585 -1.8847453807193926 
-10.361218291830077 -1.740709760078652 
-10.172944922079026 -1.6181251513197905 
-10.028998327436346 -1.5688277355659628 
-10.170912416541956 -1.4894649772118054 
-10.096121093272195 -1.3997222759856458 
-10.034038387338837 -1.3609148008565628 
-10.190940819268778 -1.3170823168155334 
-10.330883606624838 -1.2717713566326776 
-10.19776548151577 -1.221576812056842 
-10.067872842139417 -1.189473669948568 
-10.230494472853945 -1.1632106055379685 
-10.200320485050074 -1.1396119640928855 
-10.192322389885003 -1.114966412524619 
-10.276394709809702 -1.0958916133221048 
-10.16126848905861 -1.06262157337818 
-10.195267619198264 -1.0478626407813434 
-10.233830264597835 -1.0321240556927624 
-10.148757691706399 -1.0169604429042387 
-10.169830318719633 -1.008037008778771 
-10.11996169335689 -0.9953510562059661 
-10.129185007343333 -0.9832752115886978 
-10.091646940959686 -0.9690634546395045 
-10.076853608937158 -0.9542535183919786 
-10.041558959275296 -0.946391002007687 
-10.132229616501494 -0.9388832884447779 
-10.089362074363143 -0.9295095133926875 
-10.04411976676653 -0.919173523899742 
-10.03760749011301 -0.9068172974828692 
-10.097823598205109 -0.8999399373753396 
-10.010729713008129 -0.8905806782800367 
-10.073264473907642 -0.8826118827577246 
-10.057689521516428 -0.879083086075411 
-10.010347154073278 -0.8733095603320392 
-10.069894778735195 -0.8675512289491216 
-10.081788227210792 -0.8628622930195593 
-10.094799532715383 -0.8557097789616006 
-10.090500752439583 -0.8485113586755214 
-10.076279220765223 -0.8421960963454631 
-10.019656800219385 -0.8387654461921803 
-10.018023946585352 -0.8356948981102342 
-10.028146220877453 -0.8336769986738667 
-10.011117833535803 -0.8299584384143512 
-10.008122220023456 -0.8292954434643743 
-10.006008496814038 -0.8253537707806902 
-10.03823573734091 -0.8214667819108062 
-10.05495509920639 -0.8190492040436461 
-10.041292705795712 -0.8177043420631879 
-10.064728192519981 -0.8154099765528335 
-10.07337064464715 -0.8135759535176367 
-10.08178816228874 -0.8108061468793737 
-10.081825182637315 -0.810721188149316 
-10.083368742279568 -0.808227727713566 
-10.08313250258849 -0.806684839004138 
-10.091323892043214 -0.8057773066647109 
-10.094563543512576 -0.8038624687491027 
-10.09485525160799 -0.8030521466654983 
-10.097291889074047 -0.8012787739353984 
-10.135039860113608 -0.7960922173601371 
-10.10302037602884 -0.7939173478983772 
-10.10499247277072 -0.7920639183108105 
-10.109116645437313 -0.7891250811134022 
-10.113390282996493 -0.7877174655620011 
-10.118416039140081 -0.7872410433544101 
-10.073771128592105 -0.785058141337007 
-10.093266355842907 -0.7816227808329576 
-10.094958299612575 -0.781401493075842 
-10.087390837513883 -0.7785512138384885 
-10.10393656775588 -0.7768223077104072 
-10.101230845399062 -0.7767903942743025 
-10.110263679244339 -0.7740709054711975 
-10.113100659718341 -0.7728428096921327 
-10.114838141312926 -0.7717353239412413 
-10.09370673546058 -0.7698668580446614 
-10.093313000266777 -0.7688277765083095 
-10.093153944985714 -0.7687374325976224 
-10.087593196648074 -0.7673980344677441 
-10.074990824050026 -0.7661185036905073 
-10.072123218829063 -0.7654087288490673 
-10.07279535497582 -0.7636591232899917 
-10.135699743947683 -0.7632844650383184 
-10.142856775166363 -0.7618279486394021 
-10.13122004192752 -0.760904584921679 
-10.127040582876148 -0.7604258280393948 
-10.131470498410142 -0.7592577510683128 
-10.126099188051468 -0.7583486308086096 
-10.125612593794889 -0.7578893919034606 
-10.124226194346452 -0.757597441219351 
-10.121739955975821 -0.7569103330000378 
-10.08877851030014 -0.7557527340115918 
-10.0874834146072 -0.7550079124162378 
-10.085504543437704 -0.7528661336319042 
-10.085504543437704 -0.7525222810368966 
-10.085136988458485 -0.7522723848816107 
-10.081185531940108 -0.7516266780851966 
-10.07633757105991 -0.7510187985750949 
-10.088967272031258 -0.7488879487328827 
-10.089091123426297 -0.7488067036291153 
-10.089586283413757 -0.7484634574326148 
-10.08823628066894 -0.7480616650593049 
-10.086586474036427 -0.7457599960470839 
-10.08596591785364 -0.7456801265723797 
-10.085898474568161 -0.7455751236162041 
-10.085898474568161 -0.7455751236162041 
-10.087578719266457 -0.7454082432734942 
-10.082482196269863 -0.7450650418680529 
-10.085405389918469 -0.7444842763536047 
-10.085405389918469 -0.7444842763536047 
-10.091492023931147 -0.7430490961317884 
-10.08433073059575 -0.74238266420024 
-10.083330768308977 -0.7421931496292727 
-10.084521882230748 -0.7417846763843665 
-10.084521882230748 -0.7417846763843665 
-10.078239724168876 -0.7411524504555175 
-10.075174338332612 -0.7409130191669127 
-10.067775390559268 -0.7405632372528372 
-10.067775390559268 -0.7405632372528372 
-10.053839995298572 -0.7405384438548868 
-10.045233555176619 -0.739932283175923 
-10.045693810579738 -0.7394646821623078 
-10.041862312094043 -0.7393180914427282 
-10.041862312094043 -0.7393180914427282 
-10.045834195035738 -0.7387139567946028 
-10.045834195035738 -0.7387139567946028 
-10.053413389920118 -0.7379605377939393 
-10.048245115609443 -0.7373764354608892 
-10.052708233889918 -0.7367935499704599 
-10.040166176611011 -0.7357703645272515 
-10.039992946022366 -0.7351235563224284 
-10.03793939763419 -0.7344617830016258 
-10.041205755589834 -0.7344616955722523 
-10.038245171621824 -0.7339306549749323 
-10.03928482015462 -0.7332616377877642 
-10.043203105722387 -0.7329410507322872 
-10.043203105722387 -0.7329410507322872 
-10.036806672777029 -0.7323411990933342 
-10.0343980900679 -0.7315099733970221 
-10.03230387237347 -0.7312066220857694 
-10.03230387237347 -0.7312066220857694 
-10.031358665687188 -0.7305828649403059 
-10.031358665687188 -0.7305828649403059 
-10.025347416831295 -0.7300687760361964 
-10.027546349065432 -0.7299849120417046 
-10.025539133905031 -0.7292324310499195 
-10.018161853712689 -0.7283544091790817 
-10.01410293897119 -0.7281204404713618 
-10.021227827120061 -0.7272478254596825 
-10.022529972573146 -0.7270071201118665 
-10.009237366344205 -0.726660387132915 
-10.010536434597531 -0.7265549889347707 
-10.010536434597531 -0.7265549889347707 
-10.010330298484698 -0.7263265497385646 
-10.00956858108603 -0.7258042657150146 
-10.008821314259741 -0.7254181177391809 
-10.008821314259741 -0.7254181177391809 
-10.008821314259741 -0.7252147833290613 
-10.006088861855162 -0.7251479183723565 
-10.008758325125577 -0.7246988726865824 
-10.00749445303121 -0.7246477277511345 
-10.011426354217111 -0.7235235014854285 
-10.011562353461752 -0.72314831537034 
-10.011562353461752 -0.72314831537034 
-10.015120114948816 -0.7228009826909731 
-10.009473871916176 -0.7226870528283541 
-10.009473871916176 -0.7226870528283541 
-10.009473871916176 -0.7226870528283541 
-10.01192138145361 -0.7219601891909313 
-10.013613795278317 -0.7218984314825774 
-10.01387568984337 -0.7207811787743825 
-10.016118087493727 -0.7207778992014431 
-10.016118087493727 -0.7207778992014431 
-10.017470460638181 -0.7204852075247736 
-10.013770148800042 -0.7200265279801596 
-10.014077266364454 -0.7195371952004936 
-10.014077266364454 -0.7194734091778469 
-10.014603878824808 -0.7192080657913037 
-10.014940834853162 -0.7186613685822986 
-10.015712810037858 -0.7181350543733853 
-10.020469031777147 -0.71769363891717 
-10.02066271567449 -0.7172453607353654 
-10.01883371466028 -0.7161883557537301 
-10.017407819757848 -0.716140724752531 
-10.019250492123474 -0.7159453969415176 
-10.021523846173809 -0.7153710343617234 
-10.021523846173809 -0.7153710343617234 
-10.02233084793339 -0.7149125473861346 
-10.02233084793339 -0.7149125473861346 
-10.024567274423426 -0.7148947618642006 
-10.020270757793064 -0.7145562473755148 
-10.020270757793064 -0.7145562473755148 
-10.024021167455368 -0.7135051535781773 
-10.024021167455368 -0.7135051535781773 
-10.024021167455368 -0.7135051535781773 
-10.024021167455368 -0.7135051535781773 
-10.02448905588291 -0.7133612584521173 
-10.022799062571037 -0.7132677418075878 
-10.02298487669546 -0.7129704791602234 
-10.02298487669546 -0.7129704791602234 
-10.02298487669546 -0.7129704791602234 
-10.023239963912415 -0.7128308885005463 
-10.023239963912415 -0.7128308885005463 
-10.023239963912415 -0.7128308885005463 
-10.023239963912415 -0.7128308885005463 
-10.026661673450388 -0.712771931635185 
-10.026661673450388 -0.712771931635185 
-10.026760355081143 -0.7125529607612707 
-10.026760355081143 -0.7125529607612707 
-10.026760355081143 -0.7125529607612707 
-10.027729191841479 -0.7125526811617635 
-10.027729191841479 -0.7125526811617635 
-10.025018427679644 -0.7117960646361301 
-10.025018427679644 -0.7117960646361301 
-10.031870990108896 -0.7115784924361104 
-10.031870990108896 -0.7115784924361104 
-10.031870990108896 -0.7115784924361104 
-10.031870990108896 -0.7115784924361104 
-10.030367323608726 -0.7112537337701463 
-10.030367323608726 -0.7112537337701463 
-10.030367323608726 -0.7112537337701463 
-10.031052886183693 -0.7110815985237087 
-10.031261872599575 -0.7109363763129151 
-10.031261872599575 -0.7109363763129151 
-10.031261872599575 -0.7109363763129151 
-10.031516416987081 -0.7106407513742683 
-10.030657007230143 -0.7105667203849259 
-10.03139326494402 -0.7104542112211087 
-10.03139326494402 -0.7104542112211087 
-10.025143802594396 -0.7100575856503699 
-10.025143802594396 -0.7100575856503699 
-10.025143802594396 -0.7100575856503699 
-10.025143802594396 -0.7100575856503699 
-10.023910062678931 -0.7096287461558292 
-10.02443846892259 -0.7095208607211202 
-10.024451547114616 -0.7087116227639758 
-10.024451547114616 -0.7087116227639758 
-10.018699290619647 -0.7080648356885103 
-10.020049250565723 -0.7077143584213968 
-10.019806964572528 -0.7073971534044975 
-10.012136857228139 -0.7070699039706643 
-10.012136857228139 -0.7070699039706643 
-10.013055764945328 -0.7066153407968438 
-10.012642259014697 -0.7063844463304367 
-10.012642259014697 -0.7063403286341785 
-10.012642259014697 -0.7063403286341785 
-10.012183122191923 -0.7062505013092729 
-10.012183122191923 -0.7062505013092729 
-10.01438158959197 -0.7061076984883583 
-10.014871360320976 -0.7057505164934454 
-10.01463084800113 -0.7057274571568068 
-10.01463084800113 -0.7057274571568068 
-10.01463084800113 -0.7057274571568068 
-10.01234091197548 -0.705328326065644 
-10.01234091197548 -0.705328326065644 
-10.008436681601808 -0.7052856178337792 
-10.008983173326088 -0.7047825690976676 
-10.008983173326088 -0.7047825690976676 
-10.008983173326088 -0.7047825690976676 
-10.008983173326088 -0.7047825690976676 
-10.008983173326088 -0.7047825690976676 
-10.010854183313775 -0.7047648095082683 
-10.012435977967138 -0.7045782950122105 
-10.013959178665788 -0.7045510747560763 
-10.013318682084961 -0.7043978728994682 
-10.011837794931388 -0.7042723799168487 
-10.00928928926159 -0.7039211749097065 
-10.010924063399612 -0.7037642668231301 
-10.010924063399612 -0.7037642668231301 
-10.010924063399612 -0.7037642668231301 
-10.010924063399612 -0.7037642668231301 
-10.010924063399612 -0.7037642668231301 
-10.010924063399612 -0.7037642668231301 
-10.01058870267548 -0.7026765141276275 
-10.007365731210246 -0.7026535966849323 
-10.007365731210246 -0.7026535966849323 
-10.007365731210246 -0.7026535966849323 
-10.007365731210246 -0.7026535966849323 
-10.007365731210246 -0.7026535966849323 
-10.006437109161034 -0.70200879902316 
-10.006437109161034 -0.70200879902316 
-10.006437109161034 -0.70200879902316 
-10.006437109161034 -0.70200879902316 
-10.006437109161034 -0.70200879902316 
-10.006437109161034 -0.70200879902316 
-9.966857674498048 -0.7019741450685714 
-9.966857674498048 -0.7019741450685714 
-9.966857674498048 -0.7019741450685714 
-9.96806505472646 -0.7018170422512328 
-9.96806505472646 -0.7018170422512328 
-9.96806505472646 -0.7018170422512328 
-9.96806505472646 -0.7018170422512328 
-9.96806505472646 -0.7018170422512328 
-9.966912748673975 -0.7018003838245879 
-9.967921958135834 -0.7017268666443154 
-9.967921958135834 -0.7017268666443154 
-9.967921958135834 -0.7017268666443154 
-9.967921958135834 -0.7017268666443154 
-9.967921958135834 -0.7017268666443154 
-9.967921958135834 -0.7017268666443154 
-9.967921958135834 -0.7017268666443154 
-9.967921958135834 -0.7017268666443154 
-9.969837806656413 -0.70168799947136 
-9.969837806656413 -0.70168799947136 
-9.969837806656413 -0.70168799947136 
-9.968239516388309 -0.7016799189822044 
-9.968239516388309 -0.7016799189822044 
-9.964333544050016 -0.701592436768209 
-9.964635920286076 -0.7013847896837412 
-9.964635920286076 -0.7013847896837412 
-9.960459299138206 -0.7008314521729788 
-9.960459299138206 -0.7008314521729788 
-9.960459299138206 -0.7008314521729788 
-9.96194063933985 -0.7007186350179516 
-9.96194063933985 -0.7007186350179516 
-9.964580716020574 -0.7006317025771874 
-9.961719205727547 -0.7005345556636343 
-9.958427561289076 -0.7005052778621865 
-9.96144261507907 -0.7001934154692996 
-9.962336268276362 -0.7001911138341925 
-9.963807074269717 -0.6999730205274187 
-9.963807074269717 -0.6999730205274187 
-9.962323457341057 -0.6997551943438447 
-9.965351545898294 -0.699680343571406 
-9.965351545898294 -0.699680343571406 
-9.965351545898294 -0.699680343571406 
-9.968021082266478 -0.6993778876233473 
-9.968021082266478 -0.6993778876233473 
-9.968021082266478 -0.6993778876233473 
-9.96359906335387 -0.698659854590488 
-9.96359906335387 -0.698659854590488 
-9.96359906335387 -0.698659854590488 
-9.962939990322424 -0.6984736665140853 
-9.966367628710572 -0.6984010911786513 
-9.964835491269042 -0.6983180558116592 
-9.96648228634352 -0.6976757232379602 
-9.96648228634352 -0.6976757232379602 
-9.96648228634352 -0.6976757232379602 
-9.96648228634352 -0.6976757232379602 
-9.96648228634352 -0.6976757232379602 
-9.965200742187697 -0.6975068815913553 
-9.965200742187697 -0.6975068815913553 
-9.965423558586986 -0.6974193418708917 
-9.965423558586986 -0.6974193418708917 
-9.965423558586986 -0.6974193418708917 
-9.965423558586986 -0.6974193418708917 
-9.965423558586986 -0.6974193418708917 
-9.965423558586986 -0.6973615934876651 
-9.96751563144667 -0.697325019672561 
-9.96751563144667 -0.697325019672561 
-9.96784225688908 -0.697154958812595 
-9.96784225688908 -0.697154958812595 
-9.96784225688908 -0.697154958812595 
-9.969780653283268 -0.6971124786830255 
-9.969780653283268 -0.6971124786830255 
-9.968277821784545 -0.6970497539111679 
-9.965578591403403 -0.6970386010340756 
-9.966020877239515 -0.6968807769281302 
-9.966020877239515 -0.6968807769281302 
-9.966020877239515 -0.6968807769281302 
-9.966020877239515 -0.6968807769281302 
-9.967264708479235 -0.696742720567796 
-9.967264708479235 -0.696742720567796 
-9.965759644219661 -0.6967140426537323 
-9.965759644219661 -0.6967140426537323 
-9.965759644219661 -0.6967140426537323 
-9.96245023103338 -0.6966851210367995 
-9.960891334236766 -0.6966150698414818 
-9.960891334236766 -0.6966150698414818 
-9.960891334236766 -0.6966150698414818 
-9.960891334236766 -0.6966150698414818 
-9.96452152032893 -0.6962991450236343 
-9.962029969627745 -0.6962492065929379 
-9.961179664143888 -0.6961160201527964 
-9.961179664143888 -0.6961160201527964 
-9.961179664143888 -0.6961160201527964 
-9.961179664143888 -0.6961160201527964 
-9.961179664143888 -0.6961160201527964 
-9.962648689610056 -0.6956836088648523 
-9.962648689610056 -0.6956836088648523 
-9.962648689610056 -0.6956836088648523 
-9.959191359599785 -0.6954164056900942 
-9.959191359599785 -0.6954164056900942 
-9.959191359599785 -0.6954164056900942 
-9.959191359599785 -0.6954164056900942 
-9.956787559144292 -0.6953523830501286 
-9.956787559144292 -0.6953523830501286 
-9.959539175240087 -0.6952952301209085 
-9.962563068117687 -0.6943895180943982 
-9.962563068117687 -0.6943895180943982 
-9.959675478527716 -0.6941882510100251 
-9.96201273546931 -0.6941512384798381 
-9.96455419205862 -0.6939711233888614 
-9.96455419205862 -0.6939711233888614 
-9.9652739856686 -0.6935735498337482 
-9.9652739856686 -0.6935735498337482 
-9.9613753518237 -0.693296515425728 
-9.961269575247334 -0.6929887022363804 
-9.957967284042605 -0.6929576266195727 
-9.963183756560163 -0.6925156304456832 
-9.965971391027265 -0.6917371106944864 
-9.964989712772859 -0.6916977104837885 
-9.962758419183505 -0.6912555469791276 
-9.962758419183505 -0.6912555469791276 
-9.962758419183505 -0.6912555469791276 
-9.962758419183505 -0.6912555469791276 
-9.962758419183505 -0.6912555469791276 
-9.962758419183505 -0.6912555469791276 
-9.962758419183505 -0.6912555469791276 
-9.965091702358174 -0.6911282167381269 
-9.96320299638695 -0.6908970341625048 
-9.938984421942568 -0.6907835962377775 
-9.938984421942568 -0.6907835962377775 
-9.938984421942568 -0.6907835962377775 
-9.938984421942568 -0.6907835962377775 
-9.940468091718218 -0.6903031804949 
-9.940468091718218 -0.6903031804949 
-9.940468091718218 -0.6903031804949 
-9.939223286386621 -0.6902795375967291 
-9.939223286386621 -0.6902795375967291 
-9.941235124823244 -0.6902779826741781 
-9.937222059754639 -0.6901632173354225 
-9.938029915196296 -0.6901610862379943 
-9.940045923746295 -0.6897975735923215 
-9.938989057382347 -0.689740384851204 
-9.938989057382347 -0.689740384851204 
-9.935897791887003 -0.6895627638897912 
-9.935897791887003 -0.6895627638897912 
-9.93608895754125 -0.6893210549195523 
-9.935996680340537 -0.6892560614391776 
-9.935996680340537 -0.6892560614391776 
-9.935996680340537 -0.6892560614391776 
-9.936426510557602 -0.6891951073938967 
-9.936426510557602 -0.6890178514218475 
-9.938207960773026 -0.6890038797327088 
-9.938207960773026 -0.6890038797327088 
-9.938207960773026 -0.6890038797327088 
-9.938207960773026 -0.6890038797327088 
-9.936250168365525 -0.6887992117146071 
-9.93592353495752 -0.6887353315654529 
-9.93592353495752 -0.6887353315654529 
-9.93592353495752 -0.6887353315654529 
-9.937233966145524 -0.6886793478471122 
-9.937233966145524 -0.6885121550757038 
-9.937233966145524 -0.6885121550757038 
-9.937233966145524 -0.6885121550757038 
-9.937264535464362 -0.6884983387191504 
-9.937264535464362 -0.6884983387191504 
-9.938102131123564 -0.688348540266068 
-9.938102131123564 -0.688348540266068 
-9.938846896855221 -0.6881977761944883 
-9.938846896855221 -0.6881977761944883 
-9.93903462431097 -0.6880194561752154 
-9.93903462431097 -0.6880194561752154 
-9.93903462431097 -0.6880125062680315 
-9.93903462431097 -0.6880125062680315 
-9.93903462431097 -0.6880125062680315 
-9.93903462431097 -0.6880125062680315 
-9.93903462431097 -0.6880125062680315 
-9.93903462431097 -0.6880125062680315 
-9.93903462431097 -0.6880125062680315 
-9.93903462431097 -0.6880125062680315 
-9.937705899609501 -0.6879784231267203 
-9.940206530658076 -0.6879386570218752 
-9.940519453022958 -0.687931707159963 
-9.940519453022958 -0.687931707159963 
-9.940519453022958 -0.687931707159963 
-9.940519453022958 -0.687931707159963 
-9.940519453022958 -0.687931707159963 
-9.940519453022958 -0.687931707159963 
-9.940519453022958 -0.687931707159963 
-9.940519453022958 -0.687931707159963 
-9.940519453022958 -0.687931707159963 
-9.939505292331756 -0.6878782328256173 
-9.939505292331756 -0.6878782328256173 
-9.939505292331756 -0.6878782328256173 
-9.939505292331756 -0.6878782328256173 
-9.939505292331756 -0.6878782328256173 
-9.939505292331756 -0.6878782328256173 
-9.939505292331756 -0.6878782328256173 
-9.939282475932469 -0.6877074929004805 
-9.93904653167335 -0.6875976586453413 
-9.93904653167335 -0.6875976586453413 
-9.93904653167335 -0.6875976586453413 
-9.932159618856137 -0.6874742734941085 
-9.932159618856137 -0.6874742734941085 
-9.932159618856137 -0.6874742734941085 
-9.932159618856137 -0.6873413666394103 
-9.932159618856137 -0.6873413666394103 
-9.93211652918746 -0.6872615233136369 
-9.930205645458395 -0.6872028895612385 
-9.930205645458395 -0.6872028895612385 
-9.930205645458395 -0.6872028895612385 
-9.933490479461573 -0.6871278009313528 
-9.933490479461573 -0.6871278009313528 
-9.933490479461573 -0.6871278009313528 
-9.933490479461573 -0.6871278009313528 
-9.933490479461573 -0.6871278009313528 
-9.933490479461573 -0.6871278009313528 
-9.933490479461573 -0.6871278009313528 
-9.933490479461573 -0.6871278009313528 
-9.933490479461573 -0.6871278009313528 
-9.936631141374622 -0.6863549872406602 
-9.936631141374622 -0.6863549872406602 
-9.935723740467221 -0.68625087902303 
-9.936977457853763 -0.6862356516366174 
-9.934598695531198 -0.6857540288100092 
-9.934598695531198 -0.6857540288100092 
-9.934598695531198 -0.6857540288100092 
-9.934598695531198 -0.6857540288100092 
-9.934598695531198 -0.6857540288100092 
-9.934598695531198 -0.6857540288100092 
-9.934569329698943 -0.6856305038117589 
-9.934569329698943 -0.6856305038117589 
-9.934569329698943 -0.6856305038117589 
-9.934569329698943 -0.6856305038117589 
-9.936453711487632 -0.6855870379508849 
-9.933325230357967 -0.6852333435426201 
-9.931490036343762 -0.6848909477191859 
-9.933383592554291 -0.6848357551965266 
-9.933383592554291 -0.6848357551965266 
-9.933383592554291 -0.6848357551965266 
-9.933383592554291 -0.6848357551965266 
-9.933383592554291 -0.6848357551965266 
-9.933986489293675 -0.6847227382323451 
-9.93199756654995 -0.6846221002326356 
-9.93199756654995 -0.6846221002326356 
-9.93199756654995 -0.6846221002326356 
-9.93199756654995 -0.6846221002326356 
-9.93199756654995 -0.6846221002326356 
-9.939182825409489 -0.6844005739415313 
-9.939182825409489 -0.6844005739415313 
-9.937982514364084 -0.6843829594721603 
-9.937982514364084 -0.6843829594721603 
-9.937982514364084 -0.6843829594721603 
-9.937982514364084 -0.6843829594721603 
-9.937982514364084 -0.6843829594721603 
-9.937982514364084 -0.6843829594721603 
-9.937982514364084 -0.6843829594721603 
-9.937982514364084 -0.6843829594721603 
-9.937982514364084 -0.6842351779580631 
-9.937982514364084 -0.6842351779580631 
-9.937982514364084 -0.6842351779580631 
-9.937982514364084 -0.6842351779580631 
-9.937982514364084 -0.6842351779580631 
-9.937982514364084 -0.6842351779580631 
-9.937982514364084 -0.6842351779580631 
-9.937982514364084 -0.6842351779580631 
-9.937982514364084 -0.6842222675328415 
-9.93575807527184 -0.6841608754602968 
-9.93575807527184 -0.6841608754602968 
-9.935761047002217 -0.6837121332984725 
-9.935761047002217 -0.6837121332984725 
-9.935761047002217 -0.6837121332984725 
-9.935761047002217 -0.6837121332984725 
-9.934968279481293 -0.6837093766563803 
-9.934968279481293 -0.6837093766563803 
-9.934968279481293 -0.6837093766563803 
-9.935337748172827 -0.6835957560212976 
-9.935337748172827 -0.6835957560212976 
-9.935337748172827 -0.6835957560212976 
-9.935337748172827 -0.6835957560212976 
-9.935380837841505 -0.6835497015350765 
-9.935380837841505 -0.6835497015350765 
-9.935380837841505 -0.6835497015350765 
-9.935380837841505 -0.6835497015350765 
-9.935380837841505 -0.6835497015350765 
-9.935380837841505 -0.6835497015350765 
-9.935380837841505 -0.6835497015350765 
-9.935380837841505 -0.6835497015350765 
-9.935380837841505 -0.6835497015350765 
-9.935380837841505 -0.6835497015350765 
-9.935380837841505 -0.6835497015350765 
-9.935380837841505 -0.6835497015350765 
-9.935380837841505 -0.6835497015350765 
-9.935380837841505 -0.6835497015350765 
-9.935380837841505 -0.6835497015350765 
-9.935380837841505 -0.6835497015350765 
-9.935380837841505 -0.6835497015350765 
-9.935380837841505 -0.6835497015350765 
-9.935380837841505 -0.6835497015350765 
-9.935380837841505 -0.6835497015350765 
-9.935380837841505 -0.6835497015350765 
-9.935380837841505 -0.6835497015350765 
-9.935380837841505 -0.6835497015350765 
-9.935380837841505 -0.6835497015350765 
-9.935380837841505 -0.6835497015350765 
-9.935380837841505 -0.6835497015350765 
-9.935380837841505 -0.6835497015350765 
-9.935380837841505 -0.6835497015350765 
-9.935380837841505 -0.6835497015350765 
-9.935380837841505 -0.6835497015350765 
-9.935380837841505 -0.6835497015350765 
-9.935380837841505 -0.6835497015350765 
-9.935380837841505 -0.6835497015350765 
-9.934982344463183 -0.6834071186579053 
-9.934982344463183 -0.6834071186579053 
-9.934982344463183 -0.6834071186579053 
-9.934982344463183 -0.6834071186579053 
-9.934982344463183 -0.6834071186579053 
-9.932682571699207 -0.6833675892712764 
-9.932682571699207 -0.6833675892712764 
-9.932682571699207 -0.6833675892712764 
-9.932682571699207 -0.6833675892712764 
-9.932682571699207 -0.6833675892712764 
-9.934739198557507 -0.6832787983070192 
-9.934739198557507 -0.6832787983070192 
-9.934739198557507 -0.6832787983070192 
-9.936977626743133 -0.6831359577130042 
-9.938085716085734 -0.6831239669296852 
-9.938085716085734 -0.6831239669296852 
-9.938085716085734 -0.6831239669296852 
-9.938085716085734 -0.6831239669296852 
-9.936674450520547 -0.6830748825129834 
-9.936674450520547 -0.6830748825129834 
-9.936674450520547 -0.6830748825129834 
-9.936674450520547 -0.6830748825129834 
-9.936674450520547 -0.6830748825129834 
-9.936426065026263 -0.6829819514569493 
-9.936063942101285 -0.6828005221055028 
-9.936063942101285 -0.6828005221055028 
-9.936063942101285 -0.6828005221055028 
-9.936063942101285 -0.6828005221055028 
-9.936063942101285 -0.6828005221055028 
-9.936063942101285 -0.6828005221055028 
-9.936063942101285 -0.6828005221055028 
-9.936063942101285 -0.6828005221055028 
-9.936063942101285 -0.6828005221055028 
-9.936063942101285 -0.6828005221055028 
-9.936063942101285 -0.6828005221055028 
-9.936063942101285 -0.6828005221055028 
-9.936063942101285 -0.6828005221055028 
-9.936063942101285 -0.6828005221055028 
-9.934644982667098 -0.6821877282474217 
-9.934644982667098 -0.6821877282474217 
-9.934644982667098 -0.6821877282474217 
-9.934644982667098 -0.6821877282474217 
-9.934644982667098 -0.6821877282474217 
-9.934644982667098 -0.6821877282474217 
-9.934644982667098 -0.6821877282474217 
-9.934644982667098 -0.6821877282474217 
-9.934644982667098 -0.6821877282474217 
-9.934644982667098 -0.6821877282474217 
-9.934644982667098 -0.6821877282474217 
-9.934644982667098 -0.6821877282474217 
-9.934135964478793 -0.6820575323155736 
-9.934135964478793 -0.6820575323155736 
-9.934135964478793 -0.6820575323155736 
-9.934135964478793 -0.6820575323155736 
-9.934135964478793 -0.6820575323155736 
-9.934135964478793 -0.6820575323155736 
-9.938288266998905 -0.6817536913753192 
-9.938288266998905 -0.6817536913753192 
-9.938288266998905 -0.6817536913753192 
-9.938288266998905 -0.6817536913753192 
-9.938288266998905 -0.6817536913753192 
-9.938288266998905 -0.6817536913753192 
-9.938288266998905 -0.6817536913753192 
-9.938288266998905 -0.6817536913753192 
-9.938288266998905 -0.6817536913753192 
-9.938288266998905 -0.6817536913753192 
-9.938288266998905 -0.6817536913753192 
-9.938288266998905 -0.6817536913753192 
-9.938288266998905 -0.6817536913753192 
-9.938288266998905 -0.6817536913753192 
-9.938288266998905 -0.6817536913753192 
-9.938288266998905 -0.6817536913753192 
-9.938288266998905 -0.6817536913753192 
-9.938288266998905 -0.6817536913753192 
-9.938288266998905 -0.6817536913753192 
-9.938288266998905 -0.6817536913753192 
-9.938288266998905 -0.6817536913753192 
-9.938288266998905 -0.6817536913753192 
-9.938288266998905 -0.6816612533486472 
-9.938288266998905 -0.6816612533486472 
-9.938288266998905 -0.6816612533486472 
-9.938288266998905 -0.6816612533486472 
-9.938288266998905 -0.6816612533486472 
-9.938288266998905 -0.6816612533486472 
-9.938288266998905 -0.6816612533486472 
-9.938288266998905 -0.6816612533486472 
-9.938951338163182 -0.6815543330928233 
-9.938951338163182 -0.6815543330928233 
-9.938951338163182 -0.6815543330928233 
-9.938951338163182 -0.6815543330928233 
-9.938951338163182 -0.6815543330928233 
-9.938951338163182 -0.6815543330928233 
-9.938951338163182 -0.6815543330928233 
-9.938951338163182 -0.6815543330928233 
-9.937933242834358 -0.6814879203295646 
-9.943183273338166 -0.6812806166684299 
-9.943183273338166 -0.6812806166684299 
-9.943183273338166 -0.6812806166684299 
-9.943183273338166 -0.6812806166684299 
-9.943183273338166 -0.6812806166684299 
-9.943183273338166 -0.6812806166684299 
-9.943183273338166 -0.6812806166684299 
-9.943183273338166 -0.6812806166684299 
-9.943183273338166 -0.6812806166684299 
-9.943183273338166 -0.6812806166684299 
-9.943183273338166 -0.6812806166684299 
-9.94349714808213 -0.6809924849299941 
-9.94349714808213 -0.6809924849299941 
-9.94349714808213 -0.6809924849299941 
-9.938254346284207 -0.6808631937941042 
-9.938254346284207 -0.6808631937941042 
-9.938254346284207 -0.6808631937941042 
-9.938254346284207 -0.6808631937941042 
-9.938254346284207 -0.6808631937941042 
-9.938254346284207 -0.6808631937941042 
-9.938254346284207 -0.6808631937941042 
-9.937288435918111 -0.6808320622823747 
-9.937992460135689 -0.6806940536204226 
-9.937992460135689 -0.6806940536204226 
-9.937992460135689 -0.6806940536204226 
-9.937685897344467 -0.6804468818374555 
-9.937685897344467 -0.6804468818374555 
-9.937685897344467 -0.6804468818374555 
-9.937685897344467 -0.6804468818374555 
-9.934259685683434 -0.6804070058973023 
-9.936968033740687 -0.6801942184728187 
-9.936968033740687 -0.6801942184728187 
-9.936968033740687 -0.6801942184728187 
-9.932996836250304 -0.6793331166505737 
-9.932996836250304 -0.6793331166505737 
-9.932996836250304 -0.6793331166505737 
-9.932996836250304 -0.6793331166505737 
-9.932996836250304 -0.6793331166505737 
-9.932996836250304 -0.6793331166505737 
-9.932996836250304 -0.6793331166505737 
-9.932664397664082 -0.679297600044562 
-9.932664397664082 -0.679297600044562 
-9.933992765689721 -0.6791779782965977 
-9.933992765689721 -0.6791779782965977 
-9.933992765689721 -0.6791779782965977 
-9.933992765689721 -0.6791779782965977 
-9.933992765689721 -0.6791779782965977 
-9.933992765689721 -0.6791779782965977 
-9.933724970648875 -0.6790347396193177 
-9.933724970648875 -0.6789751232958158 
-9.933724970648875 -0.6789751232958158 
-9.933724970648875 -0.6789751232958158 
-9.933724970648875 -0.6789751232958158 
-9.933724970648875 -0.6789751232958158 
-9.933724970648875 -0.6789751232958158 
-9.933724970648875 -0.6789751232958158 
-9.935684214205041 -0.6789119182522951 
-9.935684214205041 -0.6789119182522951 
-9.935684214205041 -0.6789119182522951 
-9.935684214205041 -0.6789119182522951 
-9.935684214205041 -0.6789119182522951 
-9.93803884335725 -0.6786116886202952 
-9.937041141539215 -0.6783888484380575 
-9.937041141539215 -0.6783888484380575 
-9.937041141539215 -0.6783888484380575 
-9.937041141539215 -0.6783888484380575 
-9.937041141539215 -0.6783888484380575 
-9.937041141539215 -0.6783888484380575 
-9.93885593122714 -0.67793630638831 
-9.93885593122714 -0.67793630638831 
-9.93885593122714 -0.67793630638831 
-9.93932906929064 -0.6778530824108479 
-9.93932906929064 -0.6778530824108479 
-9.93932906929064 -0.6778530824108479 
-9.941282897058631 -0.6778430627935148 
-9.941282897058631 -0.6778430627935148 
-9.941282897058631 -0.6778430627935148 
-9.941282897058631 -0.6778430627935148 
-9.941282897058631 -0.6778430627935148 
-9.941282897058631 -0.6778430627935148 
-9.941282897058631 -0.6778430627935148 
-9.941282897058631 -0.6778430627935148 
-9.941282897058631 -0.6778430627935148 
-9.941282897058631 -0.6778430627935148 
-9.941282897058631 -0.6778430627935148 
-9.944140682556766 -0.6777097084303227 
-9.944140682556766 -0.6777097084303227 
-9.944140682556766 -0.6777097084303227 
-9.944140682556766 -0.6777097084303227 
-9.944140682556766 -0.6777097084303227 
-9.944140682556766 -0.6777097084303227 
-9.944140682556766 -0.6777097084303227 
-9.944298812123439 -0.6775968859215284 
-9.944298812123439 -0.6775968859215284 
-9.944298812123439 -0.6775968859215284 
-9.944298812123439 -0.6775968859215284 
-9.944298812123439 -0.6775968859215284 
-9.944298812123439 -0.6775968859215284 
-9.944298812123439 -0.6775968859215284 
-9.944298812123439 -0.6775968859215284 
-9.944298812123439 -0.6775968859215284 
-9.944298812123439 -0.6775968859215284 
-9.944298812123439 -0.6775968859215284 
-9.944298812123439 -0.6775968859215284 
-9.944298812123439 -0.6775968859215284 
-9.944298812123439 -0.6775968859215284 
-9.944298812123439 -0.6775968859215284 
-9.944298812123439 -0.6775968859215284 
-9.944298812123439 -0.6775968859215284 
-9.944298812123439 -0.6775968859215284 
-9.947295443326233 -0.6774571337226276 
-9.947295443326233 -0.6774571337226276 
-9.947295443326233 -0.6774571337226276 
-9.947295443326233 -0.6774571337226276 
-9.946344078932018 -0.6772610034485647 
-9.946344078932018 -0.6772610034485647 
-9.946344078932018 -0.6772610034485647 
-9.946344078932018 -0.6772610034485647 
-9.941756530722943 -0.6771244019310779 
-9.940469968572026 -0.676953394082916 
-9.940469968572026 -0.676953394082916 
-9.940469968572026 -0.6768385777975603 
-9.940469968572026 -0.6768385777975603 
-9.940469968572026 -0.6768385777975603 
-9.940469968572026 -0.6768385777975603 
-9.940469968572026 -0.6768385777975603 
-9.940469968572026 -0.6768385777975603 
-9.940469968572026 -0.6768385777975603 
-9.940469968572026 -0.6768385777975603 
-9.94256841408968 -0.6766838118819136 
-9.94256841408968 -0.6766838118819136 
-9.94516368147831 -0.6766773047067132 
-9.94516368147831 -0.6766773047067132 
-9.943801486563373 -0.6765175047102121 
-9.943801486563373 -0.6765175047102121 
-9.943801486563373 -0.6765175047102121 
-9.943801486563373 -0.6765175047102121 
-9.943555120463348 -0.6764958379651959 
-9.943555120463348 -0.6764958379651959 
-9.943555120463348 -0.6764958379651959 
-9.943555120463348 -0.6764958379651959 
-9.944521362061058 -0.6764345117155691 
-9.944521362061058 -0.6764345117155691 
-9.94111654700194 -0.6763307163952345 
-9.941832013921422 -0.6758991387490292 
-9.941832013921422 -0.6758991387490292 
-9.941832013921422 -0.6758991387490292 
-9.941832013921422 -0.6758991387490292 
-9.945173319398526 -0.675744145689959 
-9.945173319398526 -0.675744145689959 
-9.945173319398526 -0.675744145689959 
-9.945143964881433 -0.6753841717205359 
-9.948447610750144 -0.6751023579450076 
-9.95076658511925 -0.6749002246803785 
-9.95076658511925 -0.6749002246803785 
-9.951138109695153 -0.6747742283144162 
-9.951138109695153 -0.6747742283144162 
-9.951138109695153 -0.6747742283144162 
-9.951138109695153 -0.6747742283144162 
-9.951138109695153 -0.6747742283144162 
-9.951138109695153 -0.6747742283144162 
-9.951138109695153 -0.6747742283144162 
-9.952015776178943 -0.6743714273086766 
-9.952015776178943 -0.6743714273086766 
-9.952015776178943 -0.6743714273086766 
-9.952015776178943 -0.6743714273086766 
-9.952015776178943 -0.6743714273086766 
-9.948563865286909 -0.6742609323201625 
-9.948563865286909 -0.6742609323201625 
-9.948563865286909 -0.6742609323201625 
-9.948563865286909 -0.6739330232512234 
-9.948563865286909 -0.6739330232512234 
-9.948563865286909 -0.6739330232512234 
-9.948563865286909 -0.6739330232512234 
-9.948563865286909 -0.6739330232512234 
-9.948563865286909 -0.6739330232512234 
-9.948563865286909 -0.6739330232512234 
-9.948563865286909 -0.6739330232512234 
-9.948563865286909 -0.6739330232512234 
-9.948563865286909 -0.6739330232512234 
-9.948563865286909 -0.6739330232512234 
-9.948563865286909 -0.6737850891239725 
-9.948563865286909 -0.6737850891239725 
-9.948563865286909 -0.6737850891239725 
-9.948563865286909 -0.6737850891239725 
-9.948563865286909 -0.6737850891239725 
-9.948563865286909 -0.6737850891239725 
-9.946991545938175 -0.6736926168865429 
-9.946991545938175 -0.6736926168865429 
-9.945499107771338 -0.6735504685451323 
-9.945499107771338 -0.6735504685451323 
-9.945499107771338 -0.6735504685451323 
-9.945499107771338 -0.6735504685451323 
-9.945499107771338 -0.6735504685451323 
-9.945499107771338 -0.6735504685451323 
-9.945499107771338 -0.6735504685451323 
-9.945499107771338 -0.6735504685451323 
-9.945499107771338 -0.6735504685451323 
-9.945499107771338 -0.6735504685451323 
-9.945499107771338 -0.6735504685451323 
-9.945499107771338 -0.6735504685451323 
-9.945499107771338 -0.6735504685451323 
-9.945499107771338 -0.6735504685451323 
-9.945499107771338 -0.6735504685451323 
-9.945499107771338 -0.6735504685451323 
-9.945499107771338 -0.6735504685451323 
-9.945499107771338 -0.6735504685451323 
-9.949079321300179 -0.673455199639705 
-9.949079321300179 -0.673455199639705 
-9.949079321300179 -0.673455199639705 
-9.949079321300179 -0.673455199639705 
-9.949079321300179 -0.673455199639705 
-9.949079321300179 -0.673455199639705 
-9.949079321300179 -0.673455199639705 
-9.949079321300179 -0.673455199639705 
-9.949079321300179 -0.673455199639705 
-9.949079321300179 -0.673455199639705 
-9.949079321300179 -0.673455199639705 
-9.949079321300179 -0.673455199639705 
-9.949079321300179 -0.673455199639705 
-9.949079321300179 -0.673455199639705 
-9.949079321300179 -0.673455199639705 
-9.949079321300179 -0.673455199639705 
-9.949079321300179 -0.673455199639705 
-9.949079321300179 -0.673455199639705 
-9.949079321300179 -0.673455199639705 
-9.949079321300179 -0.673455199639705 
-9.949079321300179 -0.673455199639705 
-9.949079321300179 -0.673455199639705 
-9.949079321300179 -0.673455199639705 
-9.949079321300179 -0.673455199639705 
-9.949079321300179 -0.673455199639705 
-9.954356092258841 -0.6732546391423367 
-9.954356092258841 -0.6732546391423367 
-9.954356092258841 -0.6732546391423367 
-9.954946225317824 -0.6732224850210157 
-9.954946225317824 -0.6732224850210157 
-9.954946225317824 -0.6732224850210157 
-9.954946225317824 -0.6732224850210157 
-9.954946225317824 -0.6732224850210157 
-9.954946225317824 -0.6732224850210157 
-9.954946225317824 -0.6732224850210157 
-9.954946225317824 -0.6732224850210157 
-9.954946225317824 -0.6732224850210157 
-9.954946225317824 -0.6732224850210157 
-9.954946225317824 -0.6732224850210157 
-9.954946225317824 -0.6732224850210157 
-9.957400957780507 -0.6731072001710382 
-9.957400957780507 -0.6731072001710382 
-9.957792408986004 -0.6728877071826896 
-9.957792408986004 -0.6728877071826896 
-9.957792408986004 -0.6728877071826896 
-9.957792408986004 -0.6728877071826896 
-9.957792408986004 -0.6728877071826896 
-9.957792408986004 -0.6728877071826896 
-9.957792408986004 -0.6728877071826896 
-9.957792408986004 -0.6727042880954812 
-9.957792408986004 -0.6727042880954812 
-9.957792408986004 -0.6727042880954812 
-9.957792408986004 -0.6727042880954812 
-9.957792408986004 -0.6727042880954812 
-9.957792408986004 -0.6727042880954812 
-9.957792408986004 -0.6727042880954812 
-9.957792408986004 -0.6727042880954812 
-9.957792408986004 -0.6727042880954812 
-9.957792408986004 -0.6727042880954812 
-9.957792408986004 -0.6727042880954812 
-9.959412162569892 -0.6723999126417504 
-9.959412162569892 -0.6723999126417504 
-9.959412162569892 -0.6723999126417504 
-9.959412162569892 -0.6723999126417504 
-9.959412162569892 -0.6723999126417504 
-9.959412162569892 -0.6723999126417504 
-9.959412162569892 -0.6723999126417504 
-9.959412162569892 -0.6723999126417504 
-9.959412162569892 -0.6723999126417504 
-9.961429798383561 -0.6723708306136156 
-9.961429798383561 -0.6723708306136156 
-9.961429798383561 -0.6723708306136156 
-9.961429798383561 -0.6723708306136156 
-9.961429798383561 -0.6723708306136156 
-9.961429798383561 -0.6723708306136156 
-9.961429798383561 -0.6723708306136156 
-9.961429798383561 -0.6723708306136156 
-9.961429798383561 -0.6723708306136156 
-9.961429798383561 -0.6723708306136156 
-9.963549572531878 -0.6722610297414114 
-9.963549572531878 -0.6722610297414114 
-9.963549572531878 -0.6722610297414114 
-9.963549572531878 -0.6722610297414114 
-9.963549572531878 -0.6722610297414114 
-9.962671119598054 -0.6722487453881126 
-9.96313099583039 -0.6721125691927796 
-9.96313099583039 -0.6721125691927796 
-9.96313099583039 -0.6721125691927796 
-9.96313099583039 -0.6721125691927796 
-9.96313099583039 -0.6721125691927796 
-9.96313099583039 -0.6721125691927796 
-9.96313099583039 -0.6721125691927796 
-9.96313099583039 -0.6721125691927796 
-9.96313099583039 -0.6721125691927796 
-9.96313099583039 -0.6721125691927796 
-9.96313099583039 -0.6721125691927796 
-9.96313099583039 -0.6721125691927796 
-9.96313099583039 -0.6721125691927796 
