-10.493401453885916 -3.700013462804397 
-10.492782131735758 -3.623665135120796 
-10.520418488129689 -3.5579576347885755 
-10.466044909204584 -3.5032242948288927 
-10.417966952156904 -3.4387498175605034 
-10.354014899187005 -3.3828865555153964 
-10.448198536148594 -3.3037000190654275 
-10.336010598846158 -3.2629650654150004 
-10.320769150142603 -3.2151877914923546 
-10.468448449746845 -3.1823722903540927 
-10.234422172223278 -3.144544268459659 
-10.29149760450201 -3.098441357492606 
-10.423721971423461 -3.056654452988864 
-10.405396967260474 -3.0201327098072253 
-10.433172579771922 -2.990734746757782 
-10.433927720766846 -2.9649255270739947 
-10.32955870656368 -2.931384442965373 
-10.299539335835131 -2.902394814848058 
-10.312466688368236 -2.876026179343419 
-10.21200974722495 -2.851011754187995 
-10.25275743133411 -2.827630275786343 
-10.271119182162028 -2.799751954237625 
-10.298468710897245 -2.7769959771906927 
-10.240829477597645 -2.7565358034869853 
-10.223338939799003 -2.7387343509488344 
-10.25718541689791 -2.717253513876018 
-10.23095626447878 -2.702163819576192 
-10.271049209079418 -2.680527904807323 
-10.239968207408795 -2.665716585286503 
-10.287705767961732 -2.6470787421920443 
-10.291937100601578 -2.6288856070715276 
-10.257255290668912 -2.6119940261049153 
-10.228283959353577 -2.600227443434856 
-10.2061652061497 -2.58497242106214 
-10.200996794039636 -2.5724791664902864 
-10.184035264652529 -2.5579688851938642 
-10.155667505770674 -2.54387156261658 
-10.1673190350361 -2.528016755330156 
-10.122898885554843 -2.5131896541936545 
-10.159897091806597 -2.497520949039032 
-10.153910774199218 -2.4821857592824674 
-10.190588874046634 -2.47194931790842 
-10.186203198885835 -2.4613830834752406 
-10.147987211697847 -2.4451821014254325 
-10.11100770200153 -2.434027109561678 
-10.081820945945548 -2.4192937115595075 
-10.096879529882468 -2.4035458337861195 
-10.081318307672431 -2.394759178742338 
-10.032587638215068 -2.385358745699941 
-10.081261008816748 -2.3738561649043746 
-10.055456231210442 -2.3666085438864775 
-10.036139548262547 -2.352604344801663 
-10.033404746567141 -2.3430947330643663 
-9.995324189245144 -2.3313193503772496 
-10.004832578139435 -2.3231203554576254 
-9.97774786666538 -2.313656875235147 
-10.036684455500263 -2.308727897464087 
-10.027837513109747 -2.2982009070707345 
-10.015371915351498 -2.2896378844806886 
-9.995161833659669 -2.2831223095756807 
-9.99425843192509 -2.2745296798618804 
-9.994366492401427 -2.2659154844686866 
-9.93600684878914 -2.255169831298597 
-9.969425905992036 -2.248240723027996 
-9.965007929212476 -2.2437005850331975 
-9.887510602553201 -2.2367205184283003 
-9.837073211219334 -2.230261908980546 
-9.929236093566447 -2.219610919020003 
-9.850942183016096 -2.212947233309203 
-9.850326658425837 -2.205307525332719 
-9.851822642457332 -2.200305748826897 
-9.822911999208653 -2.1915316168424988 
-9.81847319275954 -2.1854688955350925 
-9.838254086529288 -2.181618257040893 
-9.822552042032495 -2.1768018248371406 
-9.805083608796515 -2.1699967394375586 
-9.80798925834953 -2.167794519956127 
-9.800845757124872 -2.161813598115937 
-9.769725051207416 -2.1520133206746053 
-9.775314439542072 -2.148094809731005 
-9.780843543190558 -2.14329245150486 
-9.770283551146376 -2.1381622156592983 
-9.79929522837912 -2.132701738269455 
-9.745869419942128 -2.12722278153951 
-9.735414776595142 -2.1213887627203216 
-9.721563887374124 -2.1173501005409787 
-9.715197951554137 -2.1111286738987083 
-9.726028572251895 -2.107668619809619 
-9.714132525658782 -2.101628566806943 
-9.714134362321605 -2.097001260160337 
-9.70649052456084 -2.091356836417055 
-9.721933872695654 -2.0841802941905057 
-9.718231374022636 -2.079955542868383 
-9.69536631648092 -2.0760272429248587 
-9.714348212845204 -2.0705593186130087 
-9.688077275435584 -2.064205641741217 
-9.696637114433102 -2.057526203896547 
-9.683090717090808 -2.0523410645898648 
-9.650651657011535 -2.0484956664582694 
-9.664777749614755 -2.0428978190716895 
-9.664210072853374 -2.0381729040810814 
-9.728481628079232 -2.03370267131693 
-9.669012540401273 -2.028465679367838 
-9.713873867293707 -2.0240617659200755 
-9.736650522372425 -2.0210116565341694 
-9.679117447104428 -2.0162503361066735 
-9.690850267761775 -2.0135124665100554 
-9.688275658883924 -2.0121343406784264 
-9.68198747066509 -2.0083355416320545 
-9.687476621032792 -2.0052432150649926 
-9.705390291228086 -2.0008812883942007 
-9.679172386441316 -1.9962340536170056 
-9.70140500026163 -1.9922102865728946 
-9.660094145352279 -1.9850111081027444 
-9.661031381049485 -1.9812571791844964 
-9.66013181180946 -1.9786895493985999 
-9.670437850330467 -1.974404067947127 
-9.623695274488913 -1.9712376799529077 
-9.608357661838458 -1.967178869863541 
-9.660232258841035 -1.960252401325421 
-9.654322694768734 -1.957572363390495 
-9.742913837478987 -1.9562474192294206 
-9.67834193510984 -1.949530433569819 
-9.6478958775058 -1.946621489791156 
-9.640386706090283 -1.9408011239397327 
-9.640035844849674 -1.9379381388878765 
-9.736952451448678 -1.933416226623304 
-9.64028287218733 -1.9303832336401108 
-9.638124800036833 -1.927725419284709 
-9.663400322130919 -1.9256780145186396 
-9.658653176136902 -1.9242388142395033 
-9.649166109822273 -1.920732325541436 
-9.646479001199594 -1.9163432027940088 
-9.642229047923875 -1.9122484499040688 
-9.63459547882641 -1.9107631007052621 
-9.627787073740523 -1.9072533292742557 
-9.623378661799439 -1.9027583448850378 
-9.616121463833815 -1.8979424499125177 
-9.607133270711145 -1.8967897951002903 
-9.607843643909339 -1.8949572757238122 
-9.567709450411986 -1.8890122911978384 
-9.575094622655365 -1.8870873814169806 
-9.574020691996669 -1.885928421514362 
-9.56487044957617 -1.8829740887215787 
-9.565670769851375 -1.8797612159634374 
-9.541446785435447 -1.8750438046050137 
-9.54349810957019 -1.873070258543736 
-9.544318221199347 -1.8706566402671705 
-9.53846719545076 -1.8696408274190675 
-9.544326775712031 -1.8658339469207157 
-9.538223032975091 -1.861882738941182 
-9.544697425794778 -1.8585528349439955 
-9.540069168765513 -1.8561171044217764 
-9.552567699087442 -1.8538157743891504 
-9.552501036306278 -1.850914509204277 
-9.549151260122704 -1.8466412638258778 
-9.547057309036056 -1.8435865468923212 
-9.54447485202945 -1.8399156112053077 
-9.53987251090847 -1.8364594490986224 
-9.549239520165749 -1.833291196976438 
-9.542028835441442 -1.8309098085487359 
-9.550455314063676 -1.828759911059196 
-9.538193014160973 -1.8258087001094574 
-9.533143591038025 -1.8230314594127384 
-9.532398402304763 -1.8201049930983968 
-9.549380496568318 -1.8176071806765224 
-9.536331948876168 -1.8141001735503077 
-9.550184804106069 -1.811520683224286 
-9.538366358654713 -1.8075949485537783 
-9.520160827329274 -1.804254153749158 
-9.517601217986194 -1.8014927819169986 
-9.53457291812978 -1.797200521417198 
-9.534328977119772 -1.795095196907889 
-9.540101358143788 -1.7939439212326735 
-9.532170049683813 -1.7901491303308095 
-9.531006836422625 -1.7882106429476858 
-9.534147098980338 -1.7855405496291206 
-9.539502358116385 -1.7845222125653897 
-9.521505400307554 -1.7804229331323647 
-9.510826135846168 -1.7785578719089865 
-9.548792605935576 -1.7765708432166025 
-9.5415804255771 -1.7735929450494 
-9.546186460560762 -1.7725965733501134 
-9.51655443918593 -1.7713231167626764 
-9.51335376191105 -1.77054535081504 
-9.502220408987418 -1.7673940918153799 
-9.488038122994974 -1.764030797849739 
-9.490880459706169 -1.7613136289780402 
-9.491746789682598 -1.7600189156265351 
-9.496063767039011 -1.7581108623544266 
-9.496594228332333 -1.7555002487307072 
-9.500492558530151 -1.7510934275426708 
-9.498478573193925 -1.750375441134804 
-9.498520446719068 -1.7498592907260395 
-9.502248787568096 -1.7479960414628617 
-9.496594836937186 -1.744178053937297 
-9.503856919604347 -1.7392911532103588 
-9.503856919604347 -1.7385174047856466 
-9.500566242090867 -1.7376110509891423 
-9.50120353892089 -1.7356099605187263 
-9.498240641282905 -1.7336558856716724 
-9.501500678096761 -1.7329179258685286 
-9.490721184221213 -1.72961001198908 
-9.479818065238106 -1.7281538738509556 
-9.468277423041368 -1.726474828163493 
-9.472216936934093 -1.7237299992165223 
-9.472826765760265 -1.7208656483803937 
-9.465827029936356 -1.7198709820970188 
-9.462780936441723 -1.7184778611152447 
-9.469026254000733 -1.7168632661839844 
-9.45533071218188 -1.7141628469443044 
-9.447610044928645 -1.7127752524673 
-9.429294701222153 -1.7108227352984813 
-9.441700354226235 -1.7079870974537636 
-9.466901964673307 -1.706173799006576 
-9.459025669100411 -1.7044191705178866 
-9.438050103062182 -1.700282977953574 
-9.453916990974136 -1.6969372419032651 
-9.448124468843876 -1.6957188507153083 
-9.4479226211216 -1.6944298078785047 
-9.428355274606051 -1.6910593887089838 
-9.425701340559137 -1.6891513338733732 
-9.419218659861324 -1.6855763925957015 
-9.423252044435522 -1.6826651190191158 
-9.431818856824693 -1.681501403055719 
-9.433009367594238 -1.6789825261418305 
-9.427189207048576 -1.6780573173932973 
-9.423225783271562 -1.6748340963006352 
-9.415457332653348 -1.6739253433665857 
-9.404407865105622 -1.6716733284255763 
-9.407100014122337 -1.6702707111305106 
-9.403269253135988 -1.66625779772079 
-9.395475727465953 -1.6647770463360003 
-9.403951911866422 -1.6637939023342938 
-9.40517761057627 -1.6621939916750337 
-9.40208202905464 -1.6598666664835409 
-9.395346675787147 -1.65691202573905 
-9.389825523153297 -1.6563265950450825 
-9.389894090446532 -1.6545374776787052 
-9.391681991447133 -1.652223070870237 
-9.390817917838257 -1.6510609559901646 
-9.38953214906194 -1.6485570109037035 
-9.386569919268204 -1.6468285901602546 
-9.38304297442625 -1.645660784867696 
-9.40195331496303 -1.6445099725421894 
-9.395479279028745 -1.6434246007916067 
-9.383409835820288 -1.64148788999706 
-9.379203373697916 -1.639643885987322 
-9.37858817098759 -1.6375016667072928 
-9.381143350432339 -1.6365657299619776 
-9.384135044477746 -1.6361797901987514 
-9.382761374169233 -1.6342121295058116 
-9.374230869375152 -1.632694998427591 
-9.373410418296785 -1.6299438325837072 
-9.36712291410476 -1.6276423951262435 
-9.367730281969415 -1.6262006923042063 
-9.369471295413568 -1.6251656462998745 
-9.370994114984804 -1.6241728471960597 
-9.370458390488677 -1.6238867883605668 
-9.337848651152681 -1.6209460549446182 
-9.338103151803587 -1.6192902005256196 
-9.341429409481483 -1.6181568390482512 
-9.358347861617393 -1.6174593594265085 
-9.377115168713756 -1.6158869608402369 
-9.37719708042605 -1.614064575912654 
-9.377623267302214 -1.6133427903153088 
-9.363914505834003 -1.6115637359037989 
-9.357048421021169 -1.6099325193361516 
-9.353672871269339 -1.6078167385444053 
-9.350788947124743 -1.6062700370872178 
-9.348662554741043 -1.6058026545329065 
-9.349277893380176 -1.603969109399294 
-9.35527674296279 -1.6024114836957641 
-9.34626047739923 -1.6007307000043847 
-9.34690587596952 -1.6002063860375968 
-9.347818464982796 -1.5997306364049784 
-9.342454050930945 -1.5986963117850315 
-9.340673006668872 -1.5979688187301282 
-9.327258911227991 -1.5958415187848443 
-9.334713788876044 -1.5917407295917818 
-9.3355366151743 -1.589877596274402 
-9.336343564363231 -1.5887830739660684 
-9.3362179192782 -1.5883989166261017 
-9.3313090516268 -1.5873872228644708 
-9.330326504820134 -1.5868085119149609 
-9.332242311708297 -1.5862652680722507 
-9.30394002335207 -1.5846987624613789 
-9.340963828519662 -1.5824794188929037 
-9.333343705348998 -1.580371968599135 
-9.338731880415189 -1.5790947365572243 
-9.33485343104481 -1.5786043529159695 
-9.304646406987585 -1.5764879416966895 
-9.308537462623912 -1.5748628342816415 
-9.308543768580511 -1.573497849592743 
-9.311657319424686 -1.5728118541389253 
-9.306186267635017 -1.5718949637907784 
-9.30597464712197 -1.5714093481738869 
-9.307221720146263 -1.568774026858368 
-9.307599683982428 -1.5673702270479306 
-9.300595192191919 -1.565105702488789 
-9.300972102142104 -1.564221058042014 
-9.297803774570074 -1.562315955939687 
-9.27757254040541 -1.5613307924966604 
-9.274003293546384 -1.5594251616395407 
-9.26966689288889 -1.5590170746086365 
-9.25534450539342 -1.558830974320319 
-9.257338305026122 -1.555541151260805 
-9.257647174900208 -1.5551287137293244 
-9.256447109247723 -1.5550495345489852 
-9.256493191630689 -1.5525798987783366 
-9.258119559450838 -1.5523025402724493 
-9.267538122490866 -1.5501044279749283 
-9.26873555490862 -1.5491862291492229 
-9.267709579775351 -1.5490523498902717 
-9.259241465411376 -1.5471199239281355 
-9.256983482616475 -1.5467090024568104 
-9.256752507908756 -1.546044204646416 
-9.250566623448755 -1.5453498998668262 
-9.269299548112931 -1.5444949586255798 
-9.26056118689705 -1.543547925604744 
-9.260401187496909 -1.5432683475683124 
-9.259092055943132 -1.540842348777057 
-9.269080851074323 -1.5391202968438835 
-9.269455319244358 -1.538541213257047 
-9.237823850221263 -1.5366889409027251 
-9.274156228829732 -1.535430586532606 
-9.276330765516585 -1.5348089387649788 
-9.266651483752852 -1.5331864745081054 
-9.268021905595234 -1.5323155657218832 
-9.272201686801928 -1.5311914853458168 
-9.274332684425808 -1.5304802756069367 
-9.27476679343825 -1.5296174234890403 
-9.276293633651454 -1.529007557219615 
-9.275438493703433 -1.5287166869939088 
-9.273424411521255 -1.5281094189280688 
-9.267646741726987 -1.52653284371828 
-9.267646741726987 -1.52653284371828 
-9.26336036870766 -1.5252528310903966 
-9.260658702257622 -1.5240723731163368 
-9.256385869179471 -1.5231009880994208 
-9.239641583486938 -1.521434907034822 
-9.24053008448691 -1.5209013199115535 
-9.240305617595778 -1.5208337443727005 
-9.237617304273082 -1.5178051378038102 
-9.240093273520076 -1.5176388432540258 
-9.235796109280818 -1.5171380683526035 
-9.23657405193079 -1.5164395022835007 
-9.23522790837464 -1.5161718911698998 
-9.235232380146217 -1.5152160940466333 
-9.237890842786504 -1.5145212431587063 
-9.236711918435585 -1.5130197677363306 
-9.231191388699047 -1.5123878374167623 
-9.231240030980244 -1.5106095207621748 
-9.23774311667844 -1.5094018674576046 
-9.237751795854383 -1.5085524179213465 
-9.240256277976618 -1.5078648382389033 
-9.24535830621991 -1.5063374197930564 
-9.233831314461776 -1.504513066516422 
-9.22888092117349 -1.5030728606978883 
-9.227968486930422 -1.502935355610051 
-9.22866542724411 -1.5016775726752591 
-9.236771797500909 -1.5011413717481221 
-9.239774266493576 -1.5000443052212198 
-9.238871086837756 -1.4974305668466346 
-9.246734515858178 -1.4962451492340463 
-9.252470168863205 -1.4958042950385213 
-9.241001694945938 -1.49447649703408 
-9.241001694945938 -1.4944190310164809 
-9.23931129224447 -1.4939222046941887 
-9.237082043505263 -1.4930628196885773 
-9.235658647083 -1.4926549133991296 
-9.239099204348546 -1.4920957338462384 
-9.238142670827136 -1.4911498360665427 
-9.239560709511407 -1.4904386178858036 
-9.241462492045303 -1.489836086158189 
-9.239075847878201 -1.488750919105501 
-9.242891231024537 -1.487739174044891 
-9.240366427754235 -1.4869717390171406 
-9.237021912978339 -1.485449012815709 
-9.233644301176152 -1.4843793362783766 
-9.228063357809594 -1.4826318949653885 
-9.225964915160404 -1.481738905281399 
-9.22394651886743 -1.481127221544649 
-9.220758694170447 -1.479955136760207 
-9.219749442558186 -1.4791733041657413 
-9.220651186343382 -1.478745526249506 
-9.223281877701794 -1.4779247991105016 
-9.215968872336292 -1.4760010760605924 
-9.21191002056517 -1.4759138788038562 
-9.213172362807398 -1.475133416959553 
-9.210137168660179 -1.4739817170412965 
-9.208922509040725 -1.4718984776143864 
-9.201649538286638 -1.4690143170317873 
-9.201899976553607 -1.4682541881738396 
-9.197759181485155 -1.4676945133677246 
-9.197759181485155 -1.4676945133677246 
-9.197759181485155 -1.4676862803827928 
-9.198020903208688 -1.466095730698363 
-9.199768378613355 -1.4639180182400764 
-9.198364359470586 -1.462738290889768 
-9.240807703399897 -1.4604005904791701 
-9.240165365945977 -1.4594899433186708 
-9.241435040088813 -1.4588943826700893 
-9.223564683803179 -1.4588063906476025 
-9.235005646628824 -1.4565321391648014 
-9.232814958200557 -1.4557542305391897 
-9.236628128029135 -1.4555883940907222 
-9.230014288892695 -1.4539572470663067 
-9.235768186881023 -1.4526592762413781 
-9.232524764058015 -1.4526424734597536 
-9.226526020334841 -1.4501514882930884 
-9.228705262081128 -1.449864781103021 
-9.227116594427173 -1.4496505073053854 
-9.21874982136064 -1.4494680838531644 
-9.21652588197583 -1.4490146979259713 
-9.21612316447428 -1.4462326759390878 
-9.215380426036564 -1.4458056333313969 
-9.212742021465035 -1.4448646234510625 
-9.215320863075103 -1.4439908072427652 
-9.215320863075103 -1.4439908072427652 
-9.215946284171102 -1.4437619737708935 
-9.212071683968 -1.4436902128829354 
-9.217706599858552 -1.443119000883956 
-9.224821935739103 -1.442433048873839 
-9.2071761759014 -1.441682625816244 
-9.212550821513714 -1.4402999102657448 
-9.216511615752392 -1.4398493819880687 
-9.20957431606238 -1.4376099773498432 
-9.213901027502855 -1.4368178129349995 
-9.213204884822431 -1.4360158434401002 
-9.21632924549243 -1.435241602721221 
-9.209826706724327 -1.4346220412177781 
-9.211129676793366 -1.4334118222714463 
-9.210897702061372 -1.4325982439359082 
-9.218721318733934 -1.4323437319964378 
-9.220978152197308 -1.4314907178146223 
-9.220260478036327 -1.4307048953918882 
-9.22484852625869 -1.4300818073967227 
-9.22737463750157 -1.429549166949722 
-9.226106967680655 -1.4292443521995146 
-9.222661654800406 -1.4290111200024536 
-9.227442990190768 -1.42847593997071 
-9.21819954172791 -1.427268542488106 
-9.21871874350835 -1.4265337859506086 
-9.217796783045987 -1.426051843318083 
-9.218109728919632 -1.4259596996587196 
-9.21873740182612 -1.4257521633463694 
-9.222485317116961 -1.4252062571306316 
-9.217942165545027 -1.4244281329395465 
-9.217899708059422 -1.4240024449405488 
-9.2153462963253 -1.4235201505540238 
-9.214559939474753 -1.4231752318000672 
-9.216228565457252 -1.422313735537442 
-9.216652157715847 -1.420968949483982 
-9.24824088459913 -1.420212073996139 
-9.247850652916883 -1.4195825781650755 
-9.247472352538583 -1.4194123852422726 
-9.247472352538583 -1.4194123852422726 
-9.244283821741899 -1.4190023510673535 
-9.244283821741899 -1.4190023510673535 
-9.24324401187856 -1.4187421815538384 
-9.24324401187856 -1.4187421815538384 
-9.244713024605863 -1.418658419146577 
-9.243949882526973 -1.4185303752434648 
-9.242989117763901 -1.4184726505180594 
-9.239686773067024 -1.4179079100220149 
-9.23364066155302 -1.4174564888913979 
-9.229605798828107 -1.4159384953981875 
-9.228379917547676 -1.415677505684421 
-9.227044995455554 -1.4151976584884243 
-9.22679188847257 -1.4151141716191225 
-9.22637748785104 -1.4150771848945431 
-9.228992407424188 -1.4148064992010156 
-9.228992407424188 -1.41464889149103 
-9.242652815441756 -1.4140792537220506 
-9.242566916410889 -1.4136948290805351 
-9.242566916410889 -1.4136948290805351 
-9.244164334260052 -1.4135973000428577 
-9.23862947765322 -1.4123236719353518 
-9.23906237808612 -1.412221538060882 
-9.23906237808612 -1.412221538060882 
-9.23906237808612 -1.412221538060882 
-9.236144086464288 -1.411246462326332 
-9.233782593329842 -1.4110301727688193 
-9.234010435662947 -1.410096689347228 
-9.234010435662947 -1.410096689347228 
-9.23178165994297 -1.410057466742269 
-9.236582115186106 -1.4086535733442347 
-9.233877473413958 -1.4082459070099154 
-9.233877473413958 -1.4082459070099154 
-9.2307173246418 -1.4071709099893854 
-9.226277963366567 -1.4061544111665079 
-9.224774406907798 -1.4059788669593971 
-9.225198887195473 -1.405949736441852 
-9.222280935034185 -1.4043563228638796 
-9.23114000712145 -1.40370199681301 
-9.23114000712145 -1.40370199681301 
-9.231263610735281 -1.4031969610937955 
-9.231263610735281 -1.4031969610937955 
-9.22819160516886 -1.4025443659851111 
-9.22819160516886 -1.4025443659851111 
-9.22130539790412 -1.4019672793895368 
-9.222945245022343 -1.4011682679006974 
-9.223109841270746 -1.401060051201077 
-9.22217895858596 -1.4004304943183552 
-9.220414783402003 -1.4003120052958793 
-9.226705716357106 -1.3999802462901378 
-9.22626331278171 -1.3998750729748526 
-9.228272001790078 -1.3995082099351603 
-9.22585518276123 -1.3987107061027546 
-9.22585518276123 -1.3987107061027546 
-9.22585518276123 -1.3987107061027546 
-9.225223869629914 -1.398574253563354 
-9.223987467180455 -1.3972619088932698 
-9.223294281464936 -1.39687768511783 
-9.22295755676834 -1.3957415788981864 
-9.217990214856275 -1.3943546363405337 
-9.218462877671907 -1.3943105089889611 
-9.21541924736752 -1.394096727588807 
-9.207610304177544 -1.3935436259507716 
-9.20755609046764 -1.3930090347222583 
-9.210395107787072 -1.3925116397570372 
-9.199882356364752 -1.3916686950236483 
-9.196248363133746 -1.3905758521309874 
-9.195564366614311 -1.3900695961878873 
-9.19751522605994 -1.389895733441215 
-9.196768769127068 -1.3895700405037001 
-9.196417255108665 -1.3894098280294516 
-9.195310939336151 -1.389193493779358 
-9.190665847430495 -1.3885097537344233 
-9.190665847430495 -1.3885097537344233 
-9.199296202742314 -1.387193151874082 
-9.195796767129679 -1.3866565052142186 
-9.195796767129679 -1.3866565052142186 
-9.192899089121415 -1.3862886525863367 
-9.192899089121415 -1.3862886525863367 
-9.192769338896163 -1.3860132164298882 
-9.192229160372731 -1.3855155095089848 
-9.191562645321865 -1.385394662496676 
-9.192312352204146 -1.3845667056570974 
-9.194090939234647 -1.3833714973537676 
-9.163034263568958 -1.382415376438408 
-9.163370773495037 -1.3815074860594174 
-9.193479269649455 -1.381073311805984 
-9.1904507393796 -1.3799195504192627 
-9.194415743275282 -1.379113417828159 
-9.187223292007205 -1.378889655476271 
-9.184489478338605 -1.3788049913851852 
-9.183013750589446 -1.3778183772631998 
-9.183013750589446 -1.3776836055443373 
-9.181491994570003 -1.376662910476589 
-9.18274936678103 -1.3765279621734445 
-9.182211025252311 -1.3759753483118082 
-9.183161963974092 -1.3743562382596357 
-9.181040154471983 -1.374143417859724 
-9.187881066379646 -1.3734702007218165 
-9.187538549761177 -1.370592270910148 
-9.182583284522451 -1.369495074993464 
-9.17767787789695 -1.368750168248085 
-9.177791227067221 -1.3680701386649698 
-9.177782047668728 -1.368011568667417 
-9.179177710253374 -1.3675127272449765 
-9.182538015304468 -1.3670815633708095 
-9.17580016272871 -1.365242607564223 
-9.173371394831396 -1.3644629817533642 
-9.176549532023254 -1.3643468324358186 
-9.179268457601406 -1.36357231517086 
-9.174136328915962 -1.3632408091218544 
-9.174618266948375 -1.362917475446906 
-9.178553149168431 -1.3628576509563815 
-9.18289300158657 -1.362807783384569 
-9.17705201752736 -1.362148766824981 
-9.1778395690629 -1.3617905969205997 
-9.175848122453042 -1.3608664502863155 
-9.179027046250622 -1.359866627822433 
-9.181938770589474 -1.359764995318013 
-9.178603603238493 -1.3595300902999903 
-9.180968576530436 -1.3591764325573534 
-9.180968576530436 -1.3590818235667002 
-9.199876105420001 -1.3587309034652262 
-9.200041906808629 -1.3585146750292136 
-9.200041906808629 -1.3585146750292136 
-9.200314503466767 -1.358346432574459 
-9.200314503466767 -1.358346432574459 
-9.196253891885767 -1.357090585160255 
-9.189271465745131 -1.3562116576041272 
-9.190249735055215 -1.3550230359259112 
-9.188134343352683 -1.354227449464067 
-9.188134343352683 -1.354227449464067 
-9.18636317173937 -1.354106899799384 
-9.183433280475267 -1.3538578024195727 
-9.180634423382061 -1.3530846629906668 
-9.181756888386952 -1.3529797808646984 
-9.18020818541766 -1.3519935773372784 
-9.18020818541766 -1.3518056529572389 
-9.175855879429603 -1.3515771133825838 
-9.17993391623726 -1.3507147552690835 
-9.17993391623726 -1.3507147552690835 
-9.179472787855959 -1.3504465325629906 
-9.175341087069029 -1.3499524997673726 
-9.170623507158762 -1.3494563673830775 
-9.163469612716288 -1.34919243927812 
-9.164392160556424 -1.3489337254851375 
-9.16411269497254 -1.3486868030356818 
-9.166298239319742 -1.3483118075606948 
-9.166298239319742 -1.3483118075606948 
-9.161352021430757 -1.3480409112160134 
-9.166007861966222 -1.3465659951058901 
-9.16184879241933 -1.3464635989278042 
-9.160599015173739 -1.3461878636293356 
-9.16645634936275 -1.3450402837353763 
-9.16816709616489 -1.3445240897229103 
-9.163973829864558 -1.3443301606206923 
-9.167468076245678 -1.3437658694969703 
-9.162438739990003 -1.3434840884455173 
-9.168029191603276 -1.342715410395141 
-9.167804724712143 -1.3426708752708927 
-9.167804724712143 -1.3423382496375633 
-9.170938623548139 -1.3418351596023466 
-9.169198501039382 -1.3413724657744917 
-9.169156892313918 -1.3412201939037018 
-9.169156892313918 -1.3412201939037018 
-9.170097342189814 -1.3390577138541802 
-9.142959789642696 -1.3389289329875578 
-9.142959789642696 -1.3389289329875578 
-9.144031429136204 -1.3385311212162718 
-9.137887134835394 -1.3385256197037 
-9.141738001111314 -1.3384305132515788 
-9.140505478985501 -1.3375668557995644 
-9.143673310005836 -1.3371161825354294 
-9.143918213682786 -1.3369305133102323 
-9.141315239348735 -1.3363275354289514 
-9.13971662137529 -1.3355138982920949 
-9.139430103405545 -1.3354560613514166 
-9.139430103405545 -1.3354560613514166 
-9.13613555015333 -1.3343223376939355 
-9.143742684437719 -1.3341453287628149 
-9.143816475579603 -1.333797872967724 
-9.137778384280502 -1.333674764719069 
-9.137731669297217 -1.3335400827913513 
-9.137731669297217 -1.3335400827913513 
-9.137924393156249 -1.3331817327315456 
-9.145994073975833 -1.3331563374751314 
-9.143927921903632 -1.3329939907144308 
-9.143766865203691 -1.332683714445968 
-9.142436306849476 -1.3326017086537671 
-9.142436306849476 -1.3324088352832673 
-9.142436306849476 -1.3324088352832673 
-9.14112225798973 -1.3314280340673905 
-9.142635303166113 -1.331277098533883 
-9.143221361951676 -1.3308925002260044 
-9.141612391813174 -1.330744181059332 
-9.141612391813174 -1.330744181059332 
-9.142420863383515 -1.3303923319700866 
-9.14442044946333 -1.3301547774984863 
-9.14558803980794 -1.3299254092503596 
-9.140805276144446 -1.3290318544993325 
-9.146466170375938 -1.32891344773147 
-9.137634498811954 -1.3271874934563719 
-9.139464618784704 -1.3261539165842684 
-9.14082553862511 -1.3257826169877096 
-9.147273837118115 -1.3240537101599346 
-9.146266516903154 -1.3229276708825926 
-9.12719325266586 -1.3218910891616114 
-9.12719325266586 -1.3218331592765669 
-9.128456673703498 -1.321216011476532 
-9.14950964341131 -1.3208229600604424 
-9.147139339976198 -1.3177974666382746 
-9.149834321340446 -1.3175038087577042 
-9.138889322940688 -1.3161488284769667 
-9.140114252166422 -1.3159533286541538 
-9.133405484871352 -1.3145984993759803 
-9.133405484871352 -1.3145425856394577 
-9.131904344948744 -1.3140564193518443 
-9.138045553909155 -1.3126403716273936 
-9.138512660335202 -1.3118470821361967 
-9.09964978891786 -1.3113755349417808 
-9.098485799894403 -1.310933550919093 
-9.094013054960133 -1.310511910918726 
-9.094013054960133 -1.310511910918726 
-9.094013054960133 -1.310511910918726 
-9.097894381945766 -1.309760482615758 
-9.100423715439955 -1.3095657877394817 
-9.102112048563967 -1.3092250030398602 
-9.102112048563967 -1.3092250030398602 
-9.102449336157724 -1.3084679585650936 
-9.099583154305256 -1.3080220345705873 
-9.09746956007875 -1.307495876962608 
-9.097535873073765 -1.3068480424335167 
-9.099580726225856 -1.3064186387479544 
-9.102091044530995 -1.3062597221348642 
-9.101101978024184 -1.3051690354362462 
-9.101101978024184 -1.3051690354362462 
-9.104731997458066 -1.3047321899584925 
-9.10128523048715 -1.303707054922186 
-9.101467723801132 -1.302845494544568 
-9.10205485056925 -1.3023821432807208 
-9.101050919916187 -1.3020435355302662 
-9.100977652546797 -1.3019647117406803 
-9.097520342343165 -1.3012291154280131 
-9.096844233067564 -1.3006221003076268 
-9.09893372203492 -1.300541160137853 
-9.100812442077345 -1.3004569430898312 
-9.096405192174798 -1.3002354503722853 
-9.120544184347434 -1.2986712730496188 
-9.12343441514734 -1.2980511437400999 
-9.12292936464229 -1.2979748327903557 
-9.120899251082017 -1.2979179888436976 
-9.120362948354007 -1.2971126490538092 
-9.11726042406063 -1.2968649338882914 
-9.11726042406063 -1.2968649338882914 
-9.116472966919503 -1.2953067683124568 
-9.116472966919503 -1.2953067683124568 
-9.113705447870121 -1.2949210838567076 
-9.11437009134726 -1.2949075117514743 
-9.108914133405959 -1.2930537393123365 
-9.108914133405959 -1.2930537393123365 
-9.110839999469395 -1.2930338703289996 
-9.11130189201479 -1.2922379786879246 
-9.112614933527656 -1.291914066314872 
-9.107523946669076 -1.2910864418138974 
-9.111685565008454 -1.2903719979701167 
-9.110801053156456 -1.2897982208269987 
-9.113917984397796 -1.2889610313170659 
-9.111168456158188 -1.2881034526445025 
-9.109955896152846 -1.2877644916471749 
-9.109950146914821 -1.2873573051038485 
-9.109950146914821 -1.2873573051038485 
-9.113978796256337 -1.2871644785102263 
-9.113978796256337 -1.2871644785102263 
-9.106703094223674 -1.2864703336093863 
-9.099229493589265 -1.2860497968042026 
-9.099229493589265 -1.2860497968042026 
-9.099641550366456 -1.2853617503461319 
-9.096760330989074 -1.2853174910550687 
-9.097448367252632 -1.2850630410581574 
-9.095415854127637 -1.2842442385955555 
-9.099309903548148 -1.283096041231486 
-9.099309903548148 -1.283096041231486 
-9.102463437533732 -1.282827308049995 
-9.103116911044348 -1.2821897234593864 
-9.101272715072854 -1.2816806484030976 
-9.10142497689291 -1.2813141546093008 
-9.10653916586591 -1.2806978596287297 
-9.105176495632342 -1.2801629808902824 
-9.093973610027527 -1.2794970209330532 
-9.117408731182254 -1.2790783742617462 
-9.113627438170946 -1.2781101903001573 
-9.109002432444846 -1.2769754586007664 
-9.11805912068165 -1.275452023245269 
-9.112154317552548 -1.2749247473460237 
-9.112287534148502 -1.2746818302750538 
-9.11390129491299 -1.2745454525078257 
-9.114019196942788 -1.2738375773236676 
-9.115586315658199 -1.2737802117100538 
-9.142326181903318 -1.2732510590546582 
-9.140855395664525 -1.2728043339892121 
-9.13882635184365 -1.271720576563771 
-9.138367369539328 -1.2707874891665583 
-9.13740721180941 -1.2706233651183052 
-9.136202810045644 -1.2704952689679694 
-9.143993878303759 -1.2701556812706896 
-9.142909862485178 -1.2687190320953468 
-9.144027456128876 -1.2686878623352147 
-9.111835345004572 -1.2680246016480787 
-9.10953559241229 -1.2677442536301236 
-9.109712375274313 -1.2675552013031628 
-9.109712375274313 -1.2675552013031628 
-9.111323782361241 -1.2674616575410442 
-9.108996999255751 -1.2669675729644647 
-9.11081283117241 -1.2669460748927501 
-9.070679132814323 -1.2665798823781074 
-9.070679132814323 -1.2665798823781074 
-9.070679132814323 -1.2665798823781074 
-9.066991620018495 -1.2660763395811863 
-9.069773170457838 -1.2659057303020589 
-9.0632771724818 -1.2649606225561036 
-9.065608921498841 -1.2648801971551906 
-9.065608921498841 -1.2648801971551906 
-9.063300820863937 -1.264512691565931 
-9.064555938805189 -1.2638406118251422 
-9.061987895871095 -1.2628823404159313 
-9.061961260629975 -1.2621637486644992 
-9.061961260629975 -1.2621637486644992 
-9.045880261905387 -1.2616134447338299 
-9.033496226029552 -1.2609052604341164 
-9.048470329146754 -1.2608663885805467 
-9.048470329146754 -1.2608663885805467 
-9.034409645755328 -1.2606476007176597 
-9.033703655635911 -1.2593411166209723 
-9.018510219214322 -1.2586936573807026 
-9.01431466068166 -1.2585853145598371 
-9.016297737164045 -1.258065499579491 
-9.016297737164045 -1.258065499579491 
-9.009352780627204 -1.256671771204235 
-9.009352780627204 -1.256671771204235 
-9.00455358566635 -1.2555815095081937 
-9.005310411971964 -1.2552529034555344 
-9.005497115136773 -1.2544626449175569 
-9.005497115136773 -1.2544626449175569 
-9.00485982820276 -1.2540677973136205 
-9.007462995540982 -1.2534320068329519 
-9.003625691094514 -1.2528160848479093 
-9.004088633149607 -1.252698523915108 
-9.004088633149607 -1.2524932832771547 
-9.005008612383737 -1.2524561310455615 
-9.00680855769636 -1.2522506905680557 
-9.007749060862665 -1.2521714904147305 
-8.990694940039019 -1.2514418103851104 
-8.990947705275886 -1.2508311584981193 
-8.986513838156348 -1.2504050147203951 
-8.990390176898337 -1.2498205732429137 
-8.99093868375009 -1.2493537410361797 
-9.00102307702776 -1.2485300615220787 
-9.00102307702776 -1.2485300615220787 
-9.003068732246367 -1.2483414408238611 
-9.00142654598575 -1.2476961835260554 
-8.997584335238173 -1.2476764493960992 
-8.998602633468286 -1.246977202142542 
-8.997552618276952 -1.2461193950659288 
-8.997552618276952 -1.2461193950659288 
-8.997552618276952 -1.2461193950659288 
-8.993017024942766 -1.2460288455402218 
-8.992171333644377 -1.245904905186841 
-8.952416317418772 -1.2457974222654775 
-8.952143001309645 -1.2452809671855367 
-8.949234645587824 -1.2451913252955755 
-8.94341035189616 -1.2447102052869166 
-8.944646319841903 -1.2441746284571642 
-8.944861879024218 -1.243637621518695 
-8.948909440527775 -1.2431002903102752 
-8.908806785780031 -1.2425876377506657 
-8.908806785780031 -1.2421861211109395 
-8.908919906122593 -1.2420556767146846 
-8.905183126949185 -1.2415726462035932 
-8.900868106300976 -1.240829053507204 
-8.902796337225052 -1.2401670606081134 
-8.902796337225052 -1.2400184483159293 
-8.904231196879039 -1.239110600231406 
-8.904231196879039 -1.239110600231406 
-8.904231196879039 -1.238846252640591 
-8.90499507206767 -1.2382581021834949 
-8.904211543812403 -1.2375693159021812 
-8.904211543812403 -1.2375693159021812 
-8.904393856471374 -1.2368334323738888 
-8.90334078180766 -1.236748933349554 
-8.904558539334026 -1.2361752519404594 
-8.91153837034545 -1.2354850304132818 
-8.908883485483447 -1.2346661801508105 
-8.908883485483447 -1.2346661801508105 
-8.902145542925346 -1.234489027311524 
-8.902145542925346 -1.2342640217261605 
-8.902145542925346 -1.2342640217261605 
-8.90796772763395 -1.2342167882480823 
-8.909467421844832 -1.2337877240490274 
-8.910181530226366 -1.2332605210200362 
-8.910181530226366 -1.2332605210200362 
-8.909673685270073 -1.2325053702798026 
-8.912925843741387 -1.2313692429515548 
-8.918031328421122 -1.2309477473023491 
-8.918349627609874 -1.230256673082557 
-8.918349627609874 -1.230256673082557 
-8.920234225431416 -1.2301472000454192 
-8.92134786578366 -1.229990437481687 
-8.925830531424182 -1.229734686641627 
-8.925830531424182 -1.229734686641627 
-8.925564040006874 -1.2296876952856886 
-8.923689087385654 -1.228775872173442 
-8.923689087385654 -1.228775872173442 
-8.921630122375772 -1.2286434424583557 
-8.918446129130613 -1.2283759966504226 
-8.918446129130613 -1.2283759966504226 
-8.91669853669636 -1.2271377117947122 
-8.91669853669636 -1.2267065873420822 
-8.913962597793834 -1.22663303359763 
-8.912730913655357 -1.2265808718329316 
-8.91217868810313 -1.2262304065035632 
-8.91217868810313 -1.2262304065035632 
-8.915563495332092 -1.2254575451766998 
-8.912910187286863 -1.225444191831119 
-8.910698898848464 -1.2248681579887215 
-8.911622490184905 -1.224781416728008 
-8.91364065452255 -1.2235096356185846 
-8.917090035872498 -1.2233251311651816 
-8.917090035872498 -1.2233251311651816 
-8.908675990773766 -1.2227451390147148 
-8.908623005338669 -1.2226504708124732 
-8.909182623223034 -1.222440109642941 
-8.908778582818993 -1.2221353774570958 
-8.908778582818993 -1.2221353774570958 
-8.908778582818993 -1.2221353774570958 
-8.908778582818993 -1.2221353774570958 
-8.908778582818993 -1.2221353774570958 
-8.906969858332673 -1.2219863207466022 
-8.906969858332673 -1.2219863207466022 
-8.908183243407674 -1.2216335879658233 
-8.908183243407674 -1.2216335879658233 
-8.920003243805095 -1.2211383765161539 
-8.918427371604057 -1.220077088794603 
-8.918427371604057 -1.220077088794603 
-8.915023494391425 -1.2200386102009797 
-8.914211110333312 -1.219898355427575 
-8.915225363618795 -1.2197501756283293 
-8.914701645427455 -1.2196968312233172 
-8.911910352885352 -1.219316387329057 
-8.911910352885352 -1.219316387329057 
-8.91399881493739 -1.2189628564469015 
-8.91399881493739 -1.2189628564469015 
-8.91399881493739 -1.2189628564469015 
-8.91399881493739 -1.2189628564469015 
-8.909894391160185 -1.218139122774417 
-8.910672740141495 -1.217458967125694 
-8.909896765913146 -1.2173071909231987 
-8.909743031320572 -1.2169935529912383 
-8.910738549379012 -1.2168017640382487 
-8.910738549379012 -1.2168017640382487 
-8.911245275010115 -1.2165184905255169 
-8.912582590882314 -1.2163617683868893 
-8.911456210717455 -1.2156795441313781 
-8.913370714341283 -1.2152851236373312 
-8.913370714341283 -1.2152851236373312 
-8.915164879317384 -1.2148327237941174 
-8.914195335676437 -1.2140260720092246 
-8.917235624128644 -1.2138637946512392 
-8.917235624128644 -1.2137510177411315 
-8.916032257826318 -1.2134710267550908 
-8.914396709333483 -1.2133599274771094 
-8.9073767229766 -1.2129941565712223 
-8.907107051446687 -1.2129694215046465 
-8.907107051446687 -1.2129694215046465 
-8.907107051446687 -1.2129694215046465 
-8.904621405700551 -1.2126250096689484 
-8.90355977932886 -1.2123890260624834 
-8.90332001815444 -1.2122727723238236 
-8.904384291839712 -1.211279925678416 
-8.901958726906239 -1.211196690584735 
-8.897051553089495 -1.2108924212854755 
-8.899965602698636 -1.2103628013130208 
-8.895118597727057 -1.210024242230462 
-8.892882438929023 -1.2092862800092192 
-8.892882438929023 -1.2092862800092192 
-8.89373193430571 -1.2091458605273488 
-8.892634449031803 -1.2091425608596724 
-8.893835051820353 -1.2087885721269724 
-8.893835051820353 -1.2087885721269724 
-8.892621004008433 -1.208780929340533 
-8.893088949250146 -1.2086937721213447 
-8.8926057600989 -1.208350498721482 
-8.894886921801525 -1.2082047784212526 
-8.894886921801525 -1.2081341914951698 
-8.894886921801525 -1.2081341914951698 
-8.89465907946842 -1.2080397531710467 
-8.890386871666031 -1.2075363554221166 
-8.891199017442483 -1.2074848342614215 
-8.891199017442483 -1.2072516294736708 
-8.891199017442483 -1.2072516294736708 
-8.89145435244421 -1.206914757212553 
-8.89145435244421 -1.206914757212553 
-8.891278255829235 -1.2067017860426645 
-8.889467791224119 -1.206597446858859 
-8.890402798012815 -1.2065584127607976 
-8.886229524104156 -1.2061379245901556 
-8.886229524104156 -1.2061379245901556 
-8.882231288931235 -1.2055552630478026 
-8.881655788265377 -1.2053274183695093 
-8.881655788265377 -1.2050602282576308 
-8.885793072882317 -1.2050117778662015 
-8.886614196697447 -1.2049914112954496 
-8.885085660755871 -1.2041593432276274 
-8.885085660755871 -1.2041593432276274 
-8.885085660755871 -1.2041593432276274 
-8.881814139132668 -1.2029345380143566 
-8.880620627376956 -1.2027513153224187 
-8.88612890170706 -1.2026512752746181 
-8.881515308869748 -1.2025441493341054 
-8.875321201703972 -1.2016794093352978 
-8.875508685760746 -1.2010332626069868 
-8.87506656731977 -1.2009083204635087 
-8.87506656731977 -1.2009083204635087 
-8.83933236226301 -1.1997963172323882 
-8.839588834402871 -1.1996654278308054 
-8.839588834402871 -1.1988661491087622 
-8.837597691037189 -1.1988493070169168 
-8.835312414037787 -1.1987730282360642 
-8.832945044604182 -1.1984749290601209 
-8.8361955673013 -1.1980061422120163 
-8.831584344581255 -1.1974382477662928 
-8.831584344581255 -1.1974382477662928 
-8.82884898450994 -1.1969456901094968 
-8.828806390499452 -1.1962159995877826 
-8.826764300377612 -1.1960786758268738 
-8.819676388066414 -1.1957018823853707 
-8.825960580433177 -1.1956425394412333 
-8.832908935748174 -1.1953783021510995 
-8.832379331471737 -1.1947121460543975 
-8.832379331471737 -1.1947121460543975 
-8.830919531706282 -1.1933667879963072 
-8.828670841784032 -1.1930624035246071 
-8.829668735389243 -1.1926188539123797 
-8.828459026568494 -1.1925203291049329 
