-10.373755132961 -3.7191237190934556 
-10.281504685320966 -3.6099661643876293 
-10.287262672819947 -3.5380586733196924 
-10.4749767341383 -3.476920712896426 
-10.425113948328852 -3.41244211427697 
-10.368932557130721 -3.3402576460417874 
-10.515785020871805 -3.289661163590663 
-10.618823662718965 -3.224613382696813 
-10.37623874489347 -3.1780653818704194 
-10.273055459041121 -3.138173990020737 
-10.291159051170737 -3.101180153222712 
-10.476870238152125 -3.058570809534098 
-10.353561647568483 -3.0240081936443546 
-10.329026431231183 -2.9850456155025786 
-10.30289891569792 -2.9511732188571655 
-10.25769243548258 -2.91601144661267 
-10.214147054993225 -2.87981785412579 
-10.329359440487963 -2.8497620327889623 
-10.264389151976689 -2.8260299968436007 
-10.239711847108007 -2.7938546014710943 
-10.336886031300258 -2.7718946158668256 
-10.17896704577539 -2.747708888371399 
-10.166526929493685 -2.719265136289679 
-10.160529631842316 -2.6987538767413892 
-10.188806708678374 -2.6753395509992224 
-10.191734298746702 -2.6606675090871366 
-10.117435779424687 -2.6350636017577815 
-10.235834730045593 -2.616512727063105 
-10.124779029600647 -2.601585931997299 
-10.135554235933625 -2.584064712921061 
-10.06605412311791 -2.566395039317791 
-10.063842484238059 -2.5469168298492604 
-10.042351757187417 -2.5257797927993524 
-10.079165585786757 -2.510269516624221 
-10.063063747663621 -2.4918953181180137 
-9.954864947804092 -2.4774474487970526 
-9.998919827123654 -2.4657075693499695 
-10.034475240941376 -2.448488670021608 
-10.001454445189369 -2.4335426493500427 
-9.99087056524024 -2.4184007343135896 
-9.929127058086538 -2.4093373563683005 
-9.886917164123213 -2.3923799711868203 
-9.871361759022133 -2.3801240944552964 
-9.915524213068815 -2.368256667911992 
-9.919564716987512 -2.3559898847578746 
-9.913420632084547 -2.345213636624663 
-9.935877185265719 -2.334898266242895 
-9.949565457427001 -2.3251633178959197 
-9.922027730943796 -2.3128090549495695 
-9.900236309241048 -2.3044832041574983 
-9.941347421998586 -2.2960194594768453 
-9.921103789855618 -2.2884591695643803 
-9.867428331126249 -2.276401658823117 
-9.918881429642333 -2.2667875778321123 
-9.867987168670117 -2.2576220414775046 
-9.857485270180335 -2.2496176714339917 
-9.85443367651456 -2.2450166483580056 
-9.869738084019575 -2.236623463867359 
-9.840204852296134 -2.2300387734410747 
-9.838615170669893 -2.2236751639114947 
-9.843410219156633 -2.2154685871967943 
-9.840991983187894 -2.2059472094996684 
-9.797405583350226 -2.196121235246855 
-9.81090592413549 -2.1857527212182606 
-9.82181688905174 -2.17819024776876 
-9.821971321748798 -2.1733154782889152 
-9.796993968172934 -2.164362386326036 
-9.806362162716445 -2.1575697736358017 
-9.785698978089158 -2.1500813053122165 
-9.811621510313442 -2.1421663850817394 
-9.826365296770645 -2.1363770007621654 
-9.808713860567014 -2.12829650254354 
-9.804820608994826 -2.1225551854753473 
-9.867780010547134 -2.1125449816053403 
-9.851477696824809 -2.108122164849103 
-9.897655723249272 -2.1013796404879472 
-9.855011075155167 -2.0898304703400115 
-9.84924180093866 -2.082958613971604 
-9.790459964120183 -2.0772186044964864 
-9.841565034105617 -2.0720670187504404 
-9.836959341010536 -2.0664601928351227 
-9.835243690754233 -2.0597273358501553 
-9.841873955123956 -2.0549211128716336 
-9.829847540368844 -2.0491492782174427 
-9.82860437796241 -2.044940025027503 
-9.838744102062808 -2.0385567395142234 
-9.825710172118091 -2.0345190382425486 
-9.818230689527553 -2.030116345925766 
-9.830451757641553 -2.0270680551423332 
-9.816762147266722 -2.0224322918949613 
-9.76467045336285 -2.0183160916462097 
-9.778408482641044 -2.013863824631946 
-9.79085900405326 -2.0085604663360552 
-9.807315948520872 -2.0018840757103966 
-9.797425628022474 -1.9969432182284603 
-9.793697300707295 -1.9910752387462791 
-9.783800895290659 -1.9844140615822103 
-9.788391848936833 -1.9792577255994315 
-9.76682949230943 -1.9750335210150285 
-9.730637650448763 -1.9702305862402019 
-9.748939252605158 -1.9664584405142564 
-9.752405821158398 -1.9634661591586982 
-9.74622044350076 -1.9604979779215777 
-9.748327245407422 -1.957793860386867 
-9.736425428531017 -1.9554949266612995 
-9.739115015118152 -1.9513325147712353 
-9.73630639873199 -1.9495004102951905 
-9.739836827542979 -1.9452797060410658 
-9.686102780849161 -1.9422516936138778 
-9.672881182793905 -1.9368869951224115 
-9.6799174398675 -1.9355054521582633 
-9.67273282201638 -1.930613242079196 
-9.742673910756013 -1.9273608893517156 
-9.745756499190131 -1.9249035091615019 
-9.686559217303726 -1.9234142179036746 
-9.643921201178406 -1.9207302345429447 
-9.646260601581954 -1.9171925693102734 
-9.655975398093789 -1.9133356323116104 
-9.662993691589499 -1.9097863457223705 
-9.677604466481114 -1.9080369827507961 
-9.657728630459852 -1.9048062877186351 
-9.657224251007804 -1.9008100751184076 
-9.653305950943219 -1.8990845468482924 
-9.655661061125947 -1.892796703676187 
-9.661716302370952 -1.89008048510325 
-9.65208359715 -1.8875509152159917 
-9.643582921586459 -1.8811575201981514 
-9.634991185800587 -1.8778713303970416 
-9.646097304494498 -1.8709950247689893 
-9.643467236706785 -1.8645614002889088 
-9.64772276454796 -1.8612789549010236 
-9.600426061408754 -1.858828096015069 
-9.60455566838452 -1.855867630364986 
-9.577568522309367 -1.8531098694272297 
-9.580208696073212 -1.8500503412575628 
-9.599031900933365 -1.847882421597828 
-9.59492097901219 -1.8460820211523858 
-9.585160712691325 -1.844045231404044 
-9.575476062429521 -1.8405695851652384 
-9.578230257255802 -1.8367416198455988 
-9.581109990006969 -1.8352109320940049 
-9.580413990335202 -1.831783947033745 
-9.574343602731155 -1.830182827036016 
-9.583788119750173 -1.8272573005456143 
-9.582197932429912 -1.826406351904303 
-9.56621267147883 -1.8236308212278463 
-9.564698432396204 -1.8224377141801444 
-9.565022746189346 -1.8206805810442794 
-9.568034575891218 -1.8176255478330583 
-9.540687361841117 -1.8158685517699178 
-9.543074683558311 -1.8131355203388713 
-9.544426852235066 -1.8100374560252777 
-9.528084579621687 -1.8081800143971103 
-9.528911599094693 -1.806023076808016 
-9.529316063008498 -1.8037401397565849 
-9.530802534043996 -1.801545494397122 
-9.539316258774972 -1.7980658701267465 
-9.52628949586732 -1.7949993438763963 
-9.526946065125994 -1.7913593679626385 
-9.524080436749948 -1.7904426111226135 
-9.520903579959555 -1.7872642626257693 
-9.549147286085311 -1.7856026124936801 
-9.604246863166885 -1.7826276917486004 
-9.60407931887758 -1.7790193657778728 
-9.628791498993126 -1.7765190113767686 
-9.567385848768943 -1.7735187494242122 
-9.570807173718665 -1.772282740928064 
-9.567276137070928 -1.7706103331955296 
-9.570965417413374 -1.7659278033208672 
-9.57147774438014 -1.7652839709027432 
-9.560199003568801 -1.7638325236317485 
-9.563204786422926 -1.7624317855751646 
-9.563779758728803 -1.761115252667199 
-9.554900865484031 -1.759881476586756 
-9.522269327443091 -1.7562279694558294 
-9.516082118191477 -1.7542166539181785 
-9.501192135399503 -1.752397784960318 
-9.503956757122634 -1.751618373022402 
-9.503072054696748 -1.7489565730422771 
-9.501075069711863 -1.746915159092934 
-9.502602869233286 -1.743784430320843 
-9.497043248418699 -1.7425460788960203 
-9.49370066108478 -1.7390004585890226 
-9.495950922365472 -1.7361739518928716 
-9.497917723511444 -1.733550740271821 
-9.492312794447844 -1.7318019008090206 
-9.497378658502576 -1.7274397442265343 
-9.487003498734147 -1.7249757948939564 
-9.474993423511485 -1.7215292147162606 
-9.488348952158097 -1.720836811277931 
-9.48926217429899 -1.7196608483965958 
-9.483721947543787 -1.7180424704949948 
-9.475572196742828 -1.7148558142456989 
-9.457949687097951 -1.712004347290365 
-9.455749458153054 -1.7107432348651013 
-9.460182490570721 -1.708181288624172 
-9.45977556703089 -1.7070695917952692 
-9.458373135243466 -1.7068741163372434 
-9.453070797634467 -1.705358690961718 
-9.444830664111413 -1.701881138049001 
-9.44085464556392 -1.7007560929807872 
-9.441527644552442 -1.7003657553757272 
-9.437800203223164 -1.6989454571888487 
-9.437718093146344 -1.6981854862881112 
-9.442148625378753 -1.6969740215754008 
-9.430027952101321 -1.6954240561214018 
-9.415446014015593 -1.69122730762265 
-9.411003292845242 -1.6894996969069394 
-9.401088642579289 -1.6867723290915857 
-9.39729506723582 -1.683445170623185 
-9.39956346820849 -1.6792517850638184 
-9.396908153047018 -1.6767873910078785 
-9.391245581603823 -1.675401774948763 
-9.39109063078422 -1.6738588862678636 
-9.391818265185183 -1.6724207232284196 
-9.389989449613797 -1.6712823005431527 
-9.384829930521658 -1.670033888319869 
-9.383362311219907 -1.6684087792984472 
-9.384197083121476 -1.6682923356525816 
-9.388157502203043 -1.6673172774573386 
-9.388397673740664 -1.6650324314688982 
-9.393537192261038 -1.6643415952556608 
-9.391245975373776 -1.6627666884787968 
-9.385290955126964 -1.6619537108841873 
-9.38559657749087 -1.6613751460343558 
-9.384272520895562 -1.6601867515107762 
-9.38655916893772 -1.6590109474703683 
-9.394365015201931 -1.6572834825451115 
-9.396111439390214 -1.6561358129709371 
-9.390296188281154 -1.6540947313139513 
-9.389810929964838 -1.6525531665996884 
-9.392747848164932 -1.6504808572382885 
-9.390329720342285 -1.6492745020842887 
-9.36836771965919 -1.6466524691620088 
-9.364764475627794 -1.6454094619101072 
-9.365840548083057 -1.643418822746994 
-9.368558294089986 -1.6418997582074304 
-9.35698440096002 -1.640197361180884 
-9.361273982804416 -1.6382095810463562 
-9.375985350208921 -1.6360958907183676 
-9.357310318840968 -1.634021258269073 
-9.351808536761013 -1.633281410408883 
-9.345156278189721 -1.6320607769654794 
-9.349299243958013 -1.6305522632801255 
-9.363942691972072 -1.6282775494859212 
-9.322026629102837 -1.6268699740854735 
-9.32807284946815 -1.6266305396312286 
-9.323262872786993 -1.6254371409869268 
-9.30882454293671 -1.6248080252611237 
-9.306563282386163 -1.6240161845844405 
-9.317051050336813 -1.6205911817881917 
-9.316042188387517 -1.6183189677434404 
-9.316787547722106 -1.6166256546172233 
-9.314500048659962 -1.615163585142985 
-9.313342121668192 -1.6143731052677095 
-9.305080452808317 -1.6111494809384646 
-9.301203639389302 -1.6103348728376854 
-9.299016343597296 -1.6084525528517248 
-9.296317319086482 -1.6076205878101255 
-9.29599704725609 -1.6062920711877953 
-9.301364067518326 -1.6058745719380718 
-9.300711271338939 -1.6052305829897846 
-9.297773537744757 -1.6043329596218268 
-9.294119173339979 -1.6040908710549786 
-9.296145235867924 -1.6030222193955326 
-9.318090495081615 -1.6013714928380118 
-9.326080014869325 -1.6009378901415907 
-9.290324503751846 -1.599436688239155 
-9.297071239511569 -1.5986740500510588 
-9.28887727953093 -1.5973417707641262 
-9.284896887482654 -1.5949356433938784 
-9.287352327272915 -1.594036393308541 
-9.344573895206178 -1.593931005189287 
-9.315732389700765 -1.593547325217774 
-9.313093760697535 -1.5898070155773274 
-9.308626202546735 -1.5877341267377294 
-9.316163893703667 -1.5862096455670422 
-9.311150246809516 -1.5844120523781822 
-9.30766930711136 -1.5837827399704367 
-9.304671140226931 -1.5831988973337314 
-9.2996484514509 -1.5800373292029772 
-9.305299833443406 -1.5784634571629117 
-9.30409137993135 -1.5761409357399565 
-9.298021804671 -1.5739628462558963 
-9.301248437284753 -1.5721795900752986 
-9.298046984529066 -1.5719887450949623 
-9.300364140490856 -1.5704446580750568 
-9.299685578946317 -1.5697210622975404 
-9.296205848416108 -1.5686362999017003 
-9.30044440421014 -1.5655122229711722 
-9.302666358789823 -1.5646573799376813 
-9.297068028370019 -1.5635929694463047 
-9.29720813859736 -1.5629258134548771 
-9.305192177531579 -1.5620870928488038 
-9.295999602302393 -1.5599271003821449 
-9.302805695686452 -1.5589572640388225 
-9.298151414781604 -1.5582531895081737 
-9.29171550505659 -1.5578342370197202 
-9.290086185820229 -1.5568425084640427 
-9.293103801822838 -1.5552395073231011 
-9.289800916823387 -1.5550440918549515 
-9.291531867146524 -1.5545934473231406 
-9.296318152086242 -1.5536686564449684 
-9.282182499553544 -1.5529345100001295 
-9.280723244924536 -1.551676234661889 
-9.280095906219206 -1.550666062851184 
-9.281355465507666 -1.5498939003302492 
-9.287964913241419 -1.5489932572287703 
-9.25134915176931 -1.548342442136056 
-9.24325755554134 -1.5479079485287677 
-9.243079405347846 -1.5474111022316854 
-9.241766360216362 -1.5454401677498508 
-9.234310139781565 -1.5421492261020373 
-9.239058799441507 -1.5399747358001499 
-9.242720181111782 -1.5389760987271999 
-9.233828956989678 -1.537649186861938 
-9.2318285188565 -1.5369489030596888 
-9.236433909372076 -1.53559711130917 
-9.236433909372076 -1.53559711130917 
-9.21041796350176 -1.5348313871515737 
-9.207451696570557 -1.5341039265223193 
-9.21293039145224 -1.5322581769389758 
-9.213735356135683 -1.5322251618415004 
-9.21740457317465 -1.5313718058235903 
-9.218998956491427 -1.5293582394096654 
-9.21519547697676 -1.5268611857611059 
-9.214503375406018 -1.5267920957135068 
-9.210043003108545 -1.5259814361161235 
-9.232845295678603 -1.5239917568791388 
-9.197313795958488 -1.5235643420559184 
-9.200127079690184 -1.522667042788433 
-9.18876134733617 -1.5223711639975428 
-9.189711539473631 -1.5218691341957393 
-9.189773840871874 -1.5210579181295762 
-9.1862478156583 -1.5205624865402705 
-9.212243198772015 -1.5203517673390758 
-9.213534334027084 -1.5191098596315225 
-9.213548640402783 -1.5189557791551693 
-9.213548640402783 -1.5183968824342138 
-9.211490209658034 -1.5182441066592267 
-9.209343757584726 -1.5161531946591584 
-9.207043593494918 -1.5148589668148618 
-9.204815689606944 -1.5143185064714009 
-9.208470959310054 -1.5139603041270309 
-9.207287949271857 -1.5138867473980107 
-9.207073477689768 -1.5134983391310872 
-9.207073477689768 -1.5134983391310872 
-9.240998886979103 -1.5114261008696288 
-9.205607655005 -1.5107704869667151 
-9.205930699089755 -1.5105126280153418 
-9.206663309091773 -1.5087983234246405 
-9.207167115249916 -1.5071397325910318 
-9.21196214616395 -1.5054802801217617 
-9.207376545517818 -1.5044981372300046 
-9.210232384501584 -1.5042810048256412 
-9.206076555063802 -1.5036313933595753 
-9.204050412457134 -1.5022603289572163 
-9.204050412457134 -1.5022603289572163 
-9.199647723394422 -1.5010955010799933 
-9.191219035168723 -1.5005309238323472 
-9.192676405883686 -1.4991757517078228 
-9.18764221771093 -1.4970058444516832 
-9.188164128816544 -1.4968180059413536 
-9.18540900599234 -1.4966199969941134 
-9.182939266100362 -1.495877227611205 
-9.185486333253865 -1.4950494532065284 
-9.17952245995015 -1.493130482883768 
-9.178174267988828 -1.4928289535578938 
-9.179504081011691 -1.491990547158876 
-9.179504081011691 -1.491990547158876 
-9.183543503322865 -1.4907585888268902 
-9.179236510342696 -1.4901142320291338 
-9.189452675779116 -1.4888750781252333 
-9.189934281445579 -1.4879849756928054 
-9.178869602893492 -1.4871699891053491 
-9.175885229695613 -1.4859509624142602 
-9.174732240644927 -1.4853802929119186 
-9.17525347163415 -1.4844706156631646 
-9.176734103367512 -1.4838839329224018 
-9.174669637925179 -1.4834180357693465 
-9.17856714027509 -1.4827396839667604 
-9.175808319232098 -1.4809001509507167 
-9.175586236548096 -1.4807737382510844 
-9.174870302877782 -1.4787983880215119 
-9.182045904845294 -1.476342043549265 
-9.182287882019004 -1.4758953627705158 
-9.181402813561306 -1.4756066663033691 
-9.18930719419418 -1.474404582821008 
-9.18930719419418 -1.474404582821008 
-9.22337196649886 -1.4731595765781458 
-9.223682288632272 -1.471473579814219 
-9.22051284828904 -1.4708633566197296 
-9.189094909112537 -1.4687009866266012 
-9.187493912399788 -1.4677734680566827 
-9.189105970054715 -1.466741035566737 
-9.192205669264233 -1.4665835159603977 
-9.186689302438491 -1.4653605288488376 
-9.182305306911765 -1.4639344868186361 
-9.181692423105575 -1.4634070360866243 
-9.186380039211713 -1.4628295146996513 
-9.152326405936192 -1.4626880220572633 
-9.14393107193004 -1.4625739954365082 
-9.149085085836958 -1.4609888218353386 
-9.149085085836958 -1.4609888218353386 
-9.180310855331307 -1.4591446639554457 
-9.183597923426653 -1.4583350387890168 
-9.188870595380196 -1.4578801847240797 
-9.193357601535721 -1.4568607569681424 
-9.195673138248509 -1.456037853153203 
-9.1924860766512 -1.4549043180442258 
-9.19154228527038 -1.4545689638157022 
-9.191004744581324 -1.4543473864268044 
-9.18850369728108 -1.4535322800881005 
-9.185387282534771 -1.4531336491250746 
-9.185387282534771 -1.4531336491250746 
-9.18261002155185 -1.4529378596433944 
-9.17997920689653 -1.4529294540922224 
-9.18403325017969 -1.4520934678576336 
-9.183931388616424 -1.45057441333459 
-9.187730930708547 -1.45001172452128 
-9.183537540948667 -1.4498591858287344 
-9.18249282126944 -1.4492827825788386 
-9.179028352311446 -1.448762704646431 
-9.177567361000037 -1.448466079379152 
-9.167413931760764 -1.4481928395317754 
-9.167413931760764 -1.4481928395317754 
-9.167556222538348 -1.4480597108719577 
-9.134569296302322 -1.446594999903286 
-9.138010454532592 -1.445277998316772 
-9.137790867356484 -1.4450407824133717 
-9.136962322166674 -1.4444533063133822 
-9.13559077423646 -1.44405417444896 
-9.128728215561061 -1.4422934621603694 
-9.128546804322706 -1.441566046896793 
-9.128546804322706 -1.441566046896793 
-9.12262649314695 -1.4402539766313132 
-9.125568823080975 -1.439146353682749 
-9.121860272660712 -1.4386320776981247 
-9.120660436322883 -1.4382542568476397 
-9.116807680633457 -1.4378786488523658 
-9.118810745518285 -1.4373162814646843 
-9.119066718408263 -1.4353363058182822 
-9.122237952378986 -1.4352350222895243 
-9.12330139763949 -1.4349911385324092 
-9.11668339496712 -1.4331295107503044 
-9.11373363021025 -1.431983304366324 
-9.11373363021025 -1.4314114510218037 
-9.116674566054314 -1.430836578076587 
-9.111206370571683 -1.429838781474901 
-9.110062497430286 -1.4286829235844143 
-9.099608914006525 -1.4269389506972685 
-9.101423057482329 -1.4257048990698427 
-9.100540678547583 -1.4254136337593868 
-9.098941116982738 -1.4237414862792228 
-9.0983016081007 -1.4223345269661705 
-9.0983016081007 -1.4223345269661705 
-9.090564713171979 -1.4213133484659561 
-9.093552129644975 -1.4209817155892248 
-9.099240345942198 -1.4206263986936472 
-9.099663643719131 -1.4205386792605865 
-9.09504589107271 -1.4201340105812863 
-9.091159755916417 -1.418748985112944 
-9.089633326186998 -1.4182971150631007 
-9.091400670423736 -1.4177364247477076 
-9.097683298609423 -1.4171681974829549 
-9.096870847439966 -1.4170309145058946 
-9.093103606534982 -1.4161143804206682 
-9.075572097331605 -1.4150238888981044 
-9.07603341020165 -1.4140555750611576 
-9.07723214765103 -1.413552434945542 
-9.074857001791868 -1.4132522748399845 
-9.076993405976971 -1.4129960401213957 
-9.076718405613736 -1.4126082697369182 
-9.071306830151153 -1.4119020139809229 
-9.072947667110393 -1.4117306532325635 
-9.07080646255025 -1.4115445996434286 
-9.07235477389223 -1.4109726648061511 
-9.070590099166834 -1.4088112796050603 
-9.0674874740155 -1.408294852619551 
-9.066102085591949 -1.4068181305036305 
-9.002029748638497 -1.4061098686016416 
-9.002955258853083 -1.4060209626440807 
-9.051062234195378 -1.40532486507532 
-9.044221442202101 -1.404484674414047 
-9.044121165262066 -1.4044075877737172 
-9.044121165262066 -1.4043577089444912 
-9.046617491187943 -1.4036382450665927 
-9.04798908646547 -1.4031977053720373 
-9.046779875862189 -1.402931166657808 
-9.043800401968126 -1.4024292041748843 
-9.048302309255412 -1.401604778177004 
-9.043300730851145 -1.401437903800889 
-9.040012913705878 -1.4006334427696165 
-9.040315116982441 -1.3994070838014054 
-9.037697434302135 -1.3989804102629764 
-9.036540487892141 -1.3984295146204975 
-9.036081660860052 -1.3982397400351831 
-9.036081660860052 -1.3982397400351831 
-9.035233178866 -1.3979990107571918 
-9.034103522818137 -1.3974653705773705 
-9.034340258271023 -1.3967364353331582 
-9.03261386220784 -1.3957312669179238 
-9.036403571729231 -1.3946124065702563 
-9.0317249392238 -1.3930523251693285 
-9.03256337697482 -1.3930184171463393 
-9.027038908657113 -1.3919741352130408 
-9.027038908657113 -1.3919741352130408 
-9.024546146460233 -1.3916036681313546 
-9.024991779258807 -1.3914491488278007 
-9.016989069279608 -1.3912271413093595 
-8.990140960957495 -1.3908223555667896 
-8.992669517011256 -1.3907628009455753 
-8.991631418801452 -1.390732631073274 
-8.988498732704512 -1.390331460060724 
-8.98754054739713 -1.3893822444876542 
-8.987875540085822 -1.3888751103385697 
-8.98701561050564 -1.3883738287808647 
-8.983457723126676 -1.3880216307263382 
-8.981300451915446 -1.3879732492343715 
-8.981300451915446 -1.3879732492343715 
-8.98141920107356 -1.387336315655676 
-8.978396099741984 -1.3871794401478714 
-8.981054676309691 -1.3864867187957408 
-8.981955871506269 -1.3863016815396945 
-8.981955871506269 -1.3862830190138344 
-8.984139288523371 -1.3860255048951429 
-8.9829653929112 -1.3851024492732107 
-9.014138198524359 -1.3846756209267566 
-9.003952366110104 -1.3831212193551483 
-8.952454630915698 -1.3814469248382035 
-8.946788102158635 -1.3802739710154954 
-8.997155372786972 -1.3793005452084166 
-9.00012857380399 -1.3780969921522574 
-9.00012857380399 -1.3780669018202327 
-8.997461609010237 -1.377621630612916 
-8.99470432497557 -1.3760137430804764 
-8.994991643149852 -1.3749723101145208 
-8.945098503580999 -1.3744466191758244 
-8.934497969737672 -1.3735874655417228 
-8.9370968727973 -1.3735737812385462 
-8.9370968727973 -1.3735737812385462 
-8.934258715521135 -1.3728661472508665 
-8.934075993931218 -1.37060144674265 
-8.929204770011928 -1.3702149133095918 
-8.931779825678754 -1.3692722729506372 
-8.933153174553158 -1.3692301772701665 
-8.935393316388037 -1.3687580311690264 
-8.934864727225907 -1.3680791667078398 
-8.933495698515836 -1.3675117684764064 
-8.932227244712337 -1.3666844157413955 
-8.924664545902738 -1.3664088067735916 
-8.936060336780608 -1.3653311780281718 
-8.935690015088571 -1.3650271323552976 
-8.933277275159298 -1.364996643530578 
-8.929116021501518 -1.3649617037501642 
-8.934333551797149 -1.364872197794752 
-8.93138813857886 -1.3646760205714266 
-8.93153098472366 -1.3644132223991499 
-8.93226644955598 -1.3634401649001653 
-8.92725254775704 -1.362835837158704 
-8.925332904775168 -1.362607092002381 
-8.925332904775168 -1.362607092002381 
-8.924599511666367 -1.361158999672507 
-8.918643316307348 -1.3593636374946145 
-8.91996521471291 -1.3593234539659496 
-8.91996521471291 -1.3590970271229401 
-8.91996521471291 -1.3590970271229401 
-8.924235099488925 -1.3589529844810433 
-8.930294384970562 -1.3580170760796637 
-8.929175858879374 -1.3576030032116302 
-8.922965286049875 -1.3568327673334393 
-8.92372099119162 -1.356630144526748 
-8.925041568980921 -1.355631420018672 
-8.928436018122932 -1.3554201932895782 
-8.928436018122932 -1.3554201932895782 
-8.928811298708384 -1.354553758307208 
-8.922111665891855 -1.3528119820794562 
-8.921381805075345 -1.3527556107437986 
-8.948693435223113 -1.3524849447289393 
-8.949802003727662 -1.3521519742705397 
-8.947393492297362 -1.3517488888486278 
-8.946016555173504 -1.3512715764290228 
-8.944746609880342 -1.351114061089656 
-8.946583396603227 -1.3502295500486023 
-8.948066376926546 -1.3491234107670997 
-8.948274234825767 -1.3490756682604221 
-8.948373396352094 -1.3483866372799531 
-8.948894002295349 -1.347521524728774 
-8.940894359243886 -1.34721822137212 
-8.941059028208066 -1.3471438193400582 
-8.939315058921462 -1.3467224736314476 
-8.945798909686742 -1.346164275282286 
-8.937786023007588 -1.3455887326502174 
-8.938233116645218 -1.3453539708639832 
-8.936879140912616 -1.3451674951923156 
-8.9353259646105 -1.3437752416505457 
-8.932565768159222 -1.3435137011098277 
-8.932565768159222 -1.3434975474631021 
-8.935863499416696 -1.3434282584787909 
-8.936559167359508 -1.3432427049891154 
-8.936559167359508 -1.343218779694066 
-8.939290804680313 -1.342969796462392 
-8.93213219807287 -1.3426568813773954 
-8.932773638594279 -1.3420485209239914 
-8.930875255411742 -1.3413089635782243 
-8.92561367704581 -1.340117961636281 
-8.923681793813605 -1.339715921678477 
-8.922047953058271 -1.339311970764861 
-8.922047953058271 -1.339311970764861 
-8.921933168852577 -1.339021515644809 
-8.921933168852577 -1.339021515644809 
-8.921933168852577 -1.339021515644809 
-8.912042388031608 -1.3373922359233497 
-8.9139949927294 -1.337307160970295 
-8.909634580587001 -1.3364258056611458 
-8.915353566273481 -1.3352001064108618 
-8.910970090943234 -1.335098981169632 
-8.910578334730985 -1.3349201966366653 
-8.913161996999955 -1.3331795706712266 
-8.91132990019178 -1.3325743515241286 
-8.909493345796426 -1.331682951606743 
-8.906307778097815 -1.3315040648260301 
-8.905351512390764 -1.331329473288096 
-8.90693960257633 -1.3309290481808445 
-8.908693534570144 -1.3305531563836726 
-8.910801728152553 -1.3304384893495307 
-8.910801728152553 -1.3303793462776774 
-8.906151901878653 -1.3303739678480462 
-8.907358066200292 -1.3301731594065962 
-8.910008613159475 -1.3292276448200941 
-8.91048670291761 -1.3290339432721567 
-8.910522567532285 -1.3289557619928671 
-8.908856593423806 -1.3280252089556985 
-8.908856593423806 -1.3280252089556985 
-8.909751655169368 -1.3278769755101298 
-8.908319707060047 -1.3276456429543015 
-8.908319707060047 -1.3276456429543015 
-8.905285795444078 -1.3272390081735606 
-8.905881930384137 -1.3271706060934074 
-8.90253134251188 -1.326598351071676 
-8.900521521255744 -1.3254940808147455 
-8.900521521255744 -1.3254940808147455 
-8.904012971119007 -1.3246376583086923 
-8.904012971119007 -1.3246376583086923 
-8.956571184194846 -1.324222777823913 
-8.902034740383096 -1.3238748215831309 
-8.894775036507879 -1.323394946761412 
-8.896193102981888 -1.323027391268686 
-8.894716368573778 -1.322545502968177 
-8.894716368573778 -1.322545502968177 
-8.895294825686369 -1.3224598186504106 
-8.896912239098054 -1.322233825486627 
-8.896912239098054 -1.322233825486627 
-8.891568269416386 -1.3211287638815266 
-8.891568269416386 -1.3211287638815266 
-8.888562145677252 -1.3198209327562498 
-8.884730410894226 -1.3194762623408853 
-8.881571009129935 -1.3192203962450044 
-8.878657806320428 -1.3189898847492243 
-8.87666677242597 -1.317993072344815 
-8.874365041972437 -1.3172224994101533 
-8.873044889219962 -1.3164842741429033 
-8.872483721992127 -1.3163095958072344 
-8.869864155289303 -1.315328882054737 
-8.868004804123384 -1.3151890121252174 
-8.860949205504454 -1.314465851365861 
-8.869790063114285 -1.3141309162370862 
-8.869790063114285 -1.3141309162370862 
-8.871353211512854 -1.313157872984485 
-8.868893017055644 -1.3127700139490395 
-8.866852341229974 -1.3124336423502747 
-8.86392941587882 -1.3119964086514335 
-8.866481141724401 -1.311754158233553 
-8.87262347123037 -1.310567823643191 
-8.868811676054769 -1.3100282652431754 
-8.866682906499218 -1.3095519803710198 
-8.866251852065814 -1.3091486476123146 
-8.862752029523662 -1.3088317565791265 
-8.858165685414269 -1.3071961432596075 
-8.862706118127313 -1.3068275222482566 
-8.85832414981962 -1.3061087877604927 
-8.860001477430535 -1.3042150382369846 
-8.856171159786994 -1.3031222550148336 
-8.85227527101475 -1.3013064662981357 
-8.854618838775407 -1.300774483627379 
-8.851504246125725 -1.3002804951911426 
-8.851504246125725 -1.3002804951911426 
-8.851504246125725 -1.2999827674674105 
-8.851504246125725 -1.2999827674674105 
-8.849039918545817 -1.2990836668258088 
-8.855807812972063 -1.298433830532395 
-8.85452497496865 -1.2976965983409305 
-8.856620363855063 -1.2971617076611535 
-8.848430702834266 -1.2958901326120624 
-8.858368676929045 -1.2950279774636417 
-8.856295825155653 -1.2949542203095097 
-8.859286064670751 -1.2941560376833015 
-8.871785647223422 -1.293914094059143 
-8.86599962358013 -1.2932505261879346 
-8.867763849660488 -1.2931656876553603 
-8.86970565508673 -1.2910176195048713 
-8.866785169009642 -1.2907617920126786 
-8.860206653752273 -1.290043822734914 
-8.856809242291536 -1.2893055778005296 
-8.856809242291536 -1.2893055778005296 
-8.859223346562331 -1.2892015095721976 
-8.857641386814683 -1.2882416764715774 
-8.853866541141846 -1.2877190086655792 
-8.855285816448228 -1.2861557978853517 
-8.855285816448228 -1.2860786404994122 
-8.856198708486401 -1.2851974830615618 
-8.85281612689281 -1.2851673714459961 
-8.85281612689281 -1.2851673714459961 
-8.887022882735124 -1.2848252407799226 
-8.886593619237681 -1.2843776778837463 
-8.88528047701917 -1.2835030393139488 
-8.884077908453941 -1.2829097797762454 
-8.882078250520566 -1.2828044329821562 
-8.873555679821028 -1.2821745251093593 
-8.876854863494676 -1.2819107227904092 
-8.881525207149355 -1.2818230554039383 
-8.879925739844287 -1.2809138170673287 
-8.880334235692828 -1.2806404854846358 
-8.880334235692828 -1.2806184292701814 
-8.880107196537503 -1.2793311526116617 
-8.882790547316578 -1.2786319908395507 
-8.883745115517613 -1.2782022561724968 
-8.8808185627454 -1.2771456490809945 
-8.878809070895633 -1.2766130570262222 
-8.85523780400058 -1.276269493082809 
-8.848876587582323 -1.2749418656690203 
-8.85622128555831 -1.274342706239434 
-8.854641207651312 -1.273920818409659 
-8.855486577829561 -1.2734272058187575 
-8.853715581089979 -1.2725603441189808 
-8.848908711231946 -1.2723068992625717 
-8.847333181526166 -1.2710000469478213 
-8.846823306671123 -1.2702868171666977 
-8.846701722789952 -1.2698601838363013 
-8.846229375040117 -1.2694597927316895 
-8.840916817626834 -1.269066589497995 
-8.848129743940746 -1.2677685459750705 
-8.848341311368113 -1.267749021909212 
-8.848341311368113 -1.267749021909212 
-8.848341311368113 -1.267749021909212 
-8.842772017190317 -1.2670621598567757 
-8.844432280941845 -1.266575050987305 
-8.841021051943398 -1.2665288097119196 
-8.841021051943398 -1.2665288097119196 
-8.845913310958252 -1.2649790294207968 
-8.845079457564834 -1.2648415412627751 
-8.843936755423446 -1.2647165051018863 
-8.840278746229083 -1.2637611837328975 
-8.842368112124973 -1.2635599106747624 
-8.799370594710632 -1.263312354661563 
-8.79838055705889 -1.2630551818969533 
-8.799139589594228 -1.2622798392138646 
-8.799139589594228 -1.2622798392138646 
-8.799139589594228 -1.2622798392138646 
-8.79746683397745 -1.2617662315172609 
-8.798180596944055 -1.2613762444129497 
-8.798180596944055 -1.2613762444129497 
-8.79842540393112 -1.261259576633191 
-8.79842540393112 -1.261259576633191 
-8.793564018243188 -1.2609236515676545 
-8.788312765133032 -1.2595612241394163 
-8.785854114255425 -1.2590003111089674 
-8.785996424113051 -1.2581994591166517 
-8.787706123071192 -1.2581051895163349 
-8.787062220780156 -1.257593227625946 
-8.79161915576327 -1.2575141607419797 
-8.789568079917817 -1.2574874803285174 
-8.787939608900734 -1.2571291280597898 
-8.786360300174824 -1.2566980832068975 
-8.789441880883688 -1.2564698829469958 
-8.782050060792448 -1.255798042140446 
-8.786869370050177 -1.2554308507174585 
-8.786869370050177 -1.2554308507174585 
-8.77925424934029 -1.2549103295697936 
-8.78110641899316 -1.2545844616414314 
-8.782465695198374 -1.2535935540741299 
-8.783925614341014 -1.2530268587216529 
-8.77631842775378 -1.2525737326391375 
-8.779888078979994 -1.25151301717779 
-8.777633877986533 -1.2512453192759847 
-8.774561177708772 -1.2506912364915417 
-8.771738903867307 -1.249738540991957 
-8.7735025757367 -1.2495795892332153 
-8.773704282645484 -1.2494500080326167 
-8.771969120384341 -1.2480912831507711 
-8.773023411045926 -1.248089513014872 
-8.772535483264667 -1.2479954396384325 
-8.772206741049297 -1.2475204027261937 
-8.77147944651405 -1.2474052290752142 
-8.771315276780822 -1.2468372576413356 
-8.766909079430924 -1.246451659477994 
-8.766069860170653 -1.2462487069177237 
-8.76712758746592 -1.246246556208296 
-8.76639383217012 -1.2453055259650363 
-8.764921447337223 -1.2451751908025361 
-8.763501626848676 -1.2448250356276445 
-8.76796551671722 -1.2443833995392772 
-8.76757578491668 -1.244030835862625 
-8.767611609865515 -1.2437665227887216 
-8.763623268624325 -1.242943469262995 
-8.76567655762156 -1.242264822181356 
-8.765029470431715 -1.2420571151124271 
-8.764134390321075 -1.2411105641060878 
-8.764134390321075 -1.2411105641060878 
-8.767493076602559 -1.2404282384520906 
-8.765931406692209 -1.2397150604979668 
-8.76593368858492 -1.2391293557584062 
-8.762234392751756 -1.238526947268734 
-8.762234392751756 -1.238526947268734 
-8.761995786213935 -1.23838154469456 
-8.764782676849705 -1.238268020418049 
-8.763914446047432 -1.2379557584407839 
-8.767748378752911 -1.2377906465201634 
-8.764069368534956 -1.236883871980734 
-8.764069368534956 -1.236883871980734 
-8.763212849202585 -1.2368340446146695 
-8.762035500069144 -1.2354544440236532 
-8.762035500069144 -1.2354544440236532 
-8.794533639601307 -1.235143441514993 
-8.759132130031274 -1.2346462923127284 
-8.759428095768131 -1.2341810600786973 
-8.759177109176797 -1.2341147364982183 
-8.760108573305562 -1.2337820208146835 
-8.760108573305562 -1.2337820208146835 
-8.76002601413475 -1.2337394876034842 
-8.759369095296014 -1.2337321847904954 
-8.759908401310598 -1.2327918515389604 
-8.761508376522276 -1.232505832171685 
-8.756573046480055 -1.2314259972008144 
-8.757595346642407 -1.2308634534097325 
-8.757431119163959 -1.2304121239688828 
-8.754765281695578 -1.2301704441825139 
-8.753427410522388 -1.2297569468664622 
-8.753944382905019 -1.2293118875488502 
-8.753944382905019 -1.2293118875488502 
-8.753944382905019 -1.2293118875488502 
-8.751440693995514 -1.2284840953325853 
-8.752035389491159 -1.2283271810941692 
-8.751556236210252 -1.226793147182186 
-8.75034224219245 -1.2261576846613875 
-8.750370809120126 -1.2260792412432109 
-8.74952091811486 -1.225812945581342 
-8.743709786911733 -1.2251811245484616 
-8.713248825875311 -1.224460597306264 
-8.716168819828036 -1.2243290740945463 
-8.716168819828036 -1.2243290740945463 
-8.716168819828036 -1.2243290740945463 
-8.716168819828036 -1.2243290740945463 
-8.716168819828036 -1.2243290740945463 
-8.71621656905798 -1.222498439391289 
-8.712702131533621 -1.2214061787565467 
-8.71238045100287 -1.2213797154961157 
-8.710946370466168 -1.2210130420941094 
-8.710946370466168 -1.2210130420941094 
-8.711933128805867 -1.2207424042156925 
-8.711934667158527 -1.2206721614072131 
-8.711934667158527 -1.2206721614072131 
-8.712019277016962 -1.2202485172969115 
-8.710582288674521 -1.2199050893082821 
-8.708691873638085 -1.2198816681956632 
-8.742648197714125 -1.2193966432568337 
-8.742134057730194 -1.218479524266834 
-8.742076753485911 -1.217983009063495 
-8.740010032573013 -1.2178566327733518 
-8.74225521238032 -1.2173409392119385 
-8.74225521238032 -1.2173409392119385 
-8.74753117464097 -1.2169522376008233 
-8.747243828410141 -1.216289114190971 
-8.748745623798449 -1.2156559695151368 
-8.750318816548114 -1.2147933248839575 
-8.746213967364488 -1.2139570218393603 
-8.744562858091209 -1.2139440661562029 
-8.739697936221626 -1.2135642173598027 
-8.74189823187914 -1.2131853038031328 
-8.74089647163376 -1.212453633584273 
-8.74089647163376 -1.2124286218131748 
-8.741969715933 -1.2118282548600845 
-8.742543475973802 -1.2118056077077635 
-8.742543475973802 -1.2118056077077635 
-8.739812176159072 -1.2106008308681355 
-8.739812176159072 -1.2104202229615062 
-8.739812176159072 -1.2104202229615062 
-8.739042550554299 -1.2101435321784242 
-8.73423166843153 -1.2101359978721435 
-8.731442552568812 -1.210028412549827 
-8.738066312382749 -1.210004319230288 
-8.738312165152495 -1.2096970138014724 
-8.738312165152495 -1.2096970138014724 
-8.740172859963113 -1.2092465990195504 
-8.745941772579151 -1.2091068248155612 
-8.745819062658704 -1.2091066796175705 
-8.745819062658704 -1.2091066796175705 
-8.745195659287212 -1.2088602784463163 
-8.745195659287212 -1.2088602784463163 
-8.745195659287212 -1.2088602784463163 
-8.736507331823804 -1.2086821964472931 
-8.744254486123234 -1.2084027515004245 
-8.744851805345707 -1.2079501443737117 
-8.804635093750733 -1.2065315677970494 
-8.805278914006891 -1.205435757312361 
-8.805278914006891 -1.205435757312361 
-8.806393992241398 -1.204981460570364 
-8.80374819954505 -1.2047729485646832 
-8.797225798776966 -1.2042269151728426 
-8.797225798776966 -1.2042269151728426 
-8.800142842090882 -1.2033859582206057 
-8.800142842090882 -1.2033859582206057 
-8.800142842090882 -1.2033859582206057 
-8.800142842090882 -1.2033859582206057 
-8.79304674035807 -1.2031737472517352 
-8.79304674035807 -1.2031737472517352 
-8.792581684460702 -1.2030906962668322 
-8.796544840021722 -1.2015977390869166 
-8.797885854001025 -1.201247339923703 
-8.795482216728864 -1.2011057196383648 
-8.796875344468733 -1.2007320200847675 
-8.794898634330938 -1.1997580002147372 
-8.796231977802647 -1.199623683213104 
-8.79347035026582 -1.1994305595142372 
-8.78968773799476 -1.1990556336830116 
-8.78968773799476 -1.1990556336830116 
-8.78968773799476 -1.1990556336830116 
-8.784762856718487 -1.1987396306840463 
-8.783586618871475 -1.198661394088566 
-8.782036510993269 -1.1986563822334861 
-8.782762096888376 -1.1984200389122066 
-8.779755098931815 -1.1974218307845261 
-8.788062755536336 -1.1971957526395085 
-8.786539736501009 -1.196216804403367 
-8.782866764022131 -1.195668783788547 
-8.782866764022131 -1.1955012476018467 
-8.813304555956984 -1.1954093826809677 
-8.813304555956984 -1.1954093826809677 
-8.813304555956984 -1.1954093826809677 
-8.81525949618594 -1.1953420362861107 
-8.81525949618594 -1.1953420362861107 
-8.814760080765728 -1.1950898795301899 
-8.814508067575815 -1.1950382809935383 
-8.814508067575815 -1.1950382809935383 
-8.81294815377265 -1.1944964281443937 
-8.809082386041236 -1.1929547136724725 
-8.805866349998174 -1.1915066379464645 
-8.805866349998174 -1.1915066379464645 
-8.805445389547778 -1.190074647708759 
-8.803923782998831 -1.1892320785027273 
-8.806407958916322 -1.1891833689062477 
-8.806407958916322 -1.1891833689062477 
-8.806407958916322 -1.1891833689062477 
-8.807288152254467 -1.189098541452085 
-8.8052129568159 -1.1890923185550162 
-8.807288152254467 -1.1889466973459943 
-8.801626338079144 -1.188851516426095 
-8.802203621158714 -1.1882347997437817 
-8.802116491203273 -1.1881060325768746 
-8.802116491203273 -1.1881060325768746 
-8.769846474869963 -1.1880571164843392 
-8.769846474869963 -1.1880571164843392 
-8.769182362852787 -1.1879861016343325 
-8.79815778694794 -1.1874660348158406 
-8.79815778694794 -1.1874660348158406 
-8.79833705988526 -1.1871875297183658 
-8.796870459975542 -1.1870307487396015 
-8.797152989516658 -1.186689469874586 
-8.797152989516658 -1.186689469874586 
-8.796527016812037 -1.1865091125441083 
-8.796527016812037 -1.1865091125441083 
-8.795063557248143 -1.1859961310296743 
-8.794135317688939 -1.1846815931099617 
-8.793184812280153 -1.184599540269334 
-8.793184812280153 -1.184599540269334 
-8.791343516957468 -1.184375350182851 
-8.791205338313924 -1.183911500566887 
-8.791205338313924 -1.183911500566887 
-8.791205338313924 -1.183911500566887 
-8.789581313261012 -1.183357292071971 
-8.788766646716546 -1.182654250916027 
-8.788766646716546 -1.182654250916027 
-8.787730428033267 -1.1825384966284358 
-8.787730428033267 -1.1825384966284358 
-8.7904407850213 -1.1820593505788635 
-8.7904407850213 -1.1820593505788635 
-8.790019155055848 -1.1815151393475167 
-8.791524667022864 -1.1811633012332707 
-8.791524667022864 -1.1811633012332707 
-8.791524667022864 -1.1811633012332707 
-8.791547963261245 -1.1810996046658793 
-8.775186460984127 -1.181030694997202 
-8.776198986460376 -1.1809305986996188 
-8.774024809898954 -1.1803944373266362 
-8.774024809898954 -1.1803944373266362 
-8.774024809898954 -1.1803944373266362 
-8.775755978948336 -1.1799097579947464 
-8.77730046295297 -1.17953191802357 
-8.77730046295297 -1.1795046163257945 
-8.77730046295297 -1.1795046163257945 
