-8.921883781770772 -4.344595456022023 
-8.265005248502458 -4.4137430536415705 
-7.939272042405165 -4.349786377944466 
-7.641313051363612 -4.402992753908847 
-7.348930663065195 -4.340120610269518 
-7.175365602567914 -4.336533557323733 
-6.998136755668971 -4.372123593673943 
-6.780756332405763 -4.274025936043708 
-6.644040864271407 -4.210195907331887 
-6.450451198136071 -4.319121684235512 
-6.309617092673525 -4.220720494404889 
-6.157129220917918 -4.202605059090463 
-6.0420346527122675 -4.1751463691666535 
-5.913744734600416 -4.175110434688564 
-5.811447315222227 -4.15420936369946 
-5.691434552990462 -4.166699180709547 
-5.592012452619487 -4.250652501562764 
-5.4690088992369255 -4.157029035033668 
-5.394489054915573 -4.101550400143878 
-5.266447148880975 -4.084279317497424 
-5.148985183781295 -4.101931419274851 
-5.070243693596452 -4.1118016577394645 
-4.95760886487086 -4.146114482841132 
-4.868775016579979 -4.127083470947264 
-4.790699866234642 -4.096067143785467 
-4.709032175865876 -4.153960827993999 
-4.631393514474144 -4.103665669137491 
-4.561518095525695 -4.124840680541312 
-4.512942123180887 -4.126721689034454 
-4.462258386578716 -4.125977674326422 
-4.396086529176042 -4.0812218137757466 
-4.337369406089895 -4.1072562510900035 
-4.271289249913748 -4.095364330288018 
-4.227180840772605 -4.069356926948194 
-4.1742719245672975 -4.09712662737665 
-4.13521151891461 -4.089399550750881 
-4.095779673649192 -4.075878556164629 
-4.0401200985638965 -4.057855238030427 
-3.996601153309467 -4.057481499902888 
-3.953705603363106 -4.0557687459349525 
-3.9030063665609642 -4.063833318600778 
-3.8398857202922656 -4.018398779216855 
-3.789747303906116 -4.068644670815718 
-3.7476941469778304 -4.066019180464567 
-3.7190428285628654 -4.0342371088983215 
-3.6770641861792086 -4.0152107131437385 
-3.637435424221421 -4.016681467357373 
-3.5839153826889145 -4.009611185851156 
-3.545692915687076 -4.017707293303496 
-3.5108623182665455 -4.003509031542513 
-3.4736539264281987 -3.9756383323437543 
-3.4367842475698764 -4.005157977920363 
-3.409033789978798 -4.030971046837843 
-3.3758545689793085 -4.0349562614206365 
-3.33524015602328 -4.014996615154365 
-3.3105347057623487 -3.9933873149548127 
-3.2721141125470945 -3.970672059571516 
-3.237902357441651 -3.9887809234054385 
-3.2088213837465127 -3.9735474076064152 
-3.1888063150276267 -3.949802058142607 
-3.1518614037873713 -3.928348327746774 
-3.1076760731092294 -3.9625588728128966 
-3.087050749408487 -3.9781992528116312 
-3.0605127016446136 -3.9506483509557304 
-3.0328984440683935 -3.966460480379797 
-3.0128399498708034 -3.9359706168969137 
-2.975726249653733 -3.9567097002341023 
-2.9433847337133288 -3.9483760020001664 
-2.916008796365221 -3.9383144774852874 
-2.8887149693168013 -3.9291511374301638 
-2.856922044596469 -3.8938081506103246 
-2.837892128791254 -3.9121692082647894 
-2.8237604046206624 -3.9250238518672727 
-2.7987787552429984 -3.908979014433004 
-2.777177745550049 -3.9133271355318677 
-2.7572388412568016 -3.913559311596989 
-2.7362654050591257 -3.922187510659459 
-2.7165134388614924 -3.901670885912128 
-2.7072983376259336 -3.893430523984865 
-2.689611586686952 -3.8888689400645124 
-2.6731862478752775 -3.9139665537647734 
-2.6502254717084477 -3.894337004793611 
-2.6378205026164787 -3.8774944863290814 
-2.6152494796659767 -3.8595024177730353 
-2.596897220161987 -3.8694425118555213 
-2.5854360687309326 -3.878620576349352 
-2.5651670971883123 -3.8773349168531204 
-2.555635381390103 -3.8848135985572307 
-2.538895792240021 -3.895149735392247 
-2.5181197737860046 -3.8606061986304185 
-2.495280559881253 -3.877597621565465 
-2.4614415118642294 -3.8580400486585336 
-2.445488027740159 -3.8495621544828156 
-2.431669649444472 -3.839802071456504 
-2.4059000321210737 -3.831074007015171 
-2.3905292982684516 -3.836908636835791 
-2.3764481327778135 -3.8319069146167535 
-2.365025775499748 -3.8221036223748306 
-2.3564250562282902 -3.8304598262410163 
-2.3500982417736886 -3.8248617972020007 
-2.3436388925873883 -3.8311995248936497 
-2.3080566430873066 -3.810989261706192 
-2.293453162362733 -3.8166487297125102 
-2.2837619483057736 -3.821306341968304 
-2.2775739676912945 -3.8251103795104444 
-2.266358068379679 -3.8239134300438784 
-2.2602764527474912 -3.8198334542530388 
-2.255117949548466 -3.8325856195110393 
-2.237568824155808 -3.8223910757741475 
-2.233171246156858 -3.8161770401342276 
-2.220175190488295 -3.8163002664123433 
-2.203509191743253 -3.8056498179066764 
-2.1956020297075582 -3.813884404119998 
-2.19068169915368 -3.8147824644455306 
-2.1855168482856415 -3.8103249206587257 
-2.172930496881024 -3.8023820030125415 
-2.1645696060465176 -3.814255574312729 
-2.153634599430004 -3.809660816474056 
-2.14142853290597 -3.795911782562998 
-2.129154193143171 -3.796632115248071 
-2.11523301465897 -3.807166134284064 
-2.103023862798005 -3.8021011993418954 
-2.0929933179181464 -3.7832551862543418 
-2.077067092321624 -3.7814172075370682 
-2.0737086672026637 -3.7623625313035767 
-2.0644236840412353 -3.7631563332022417 
-2.052660037092437 -3.7649106000507184 
-2.0467123889619585 -3.7591495807829234 
-2.032784077827777 -3.756525637685472 
-2.028358362994744 -3.7612027753317103 
-2.0148785427359255 -3.7533325573053284 
-1.994089068031955 -3.7570381091314635 
-1.9840361807372389 -3.750577525295083 
-1.974952201883003 -3.74425873850427 
-1.9578758877382454 -3.750807690200681 
-1.9545001434116964 -3.7534855795071915 
-1.9498380017781471 -3.763499893600692 
-1.9383388704342623 -3.7613483431217825 
-1.93412426421846 -3.7634795656050537 
-1.9284515633831256 -3.7689977831074737 
-1.9226472384206919 -3.7730647996911273 
-1.9157283099845006 -3.7746355648380643 
-1.9122158393411515 -3.7773656310888186 
-1.9090083546475909 -3.7653384568529265 
-1.9042210307642724 -3.7583649101886936 
-1.8976262334051184 -3.754107886967943 
-1.8913962342377983 -3.755004857006718 
-1.8832150137510222 -3.7572330955535116 
-1.8472210013104988 -3.7576568441517915 
-1.8400475582223463 -3.757503135669225 
-1.8352386860877679 -3.7595935620287944 
-1.8346445090230028 -3.7598662662059756 
-1.8281620807884578 -3.7620284482154 
-1.8255410638116014 -3.7544926422806664 
-1.8219784069505138 -3.7490531877464184 
-1.8149910962640297 -3.7544110992379 
-1.8093815149627381 -3.7764481788433306 
-1.8071122336360852 -3.767300739522099 
-1.8040916151442574 -3.768067087295747 
-1.7955281269949903 -3.7615265043407886 
-1.7901939539112417 -3.767884183061011 
-1.7864690977357096 -3.7544591345470266 
-1.778732366452654 -3.756415099138331 
-1.7752889873981206 -3.7465327409454674 
-1.772013609991866 -3.744900357862009 
-1.7691784611293333 -3.7458992771459174 
-1.7598431644097479 -3.7499685132628704 
-1.7524561170797484 -3.7563372137789584 
-1.744151657024572 -3.7525743640257208 
-1.736170708153417 -3.7672713331143473 
-1.733906839497832 -3.7506864570099916 
-1.7278336081655592 -3.7421402650372646 
-1.7241098625714848 -3.7383724627207124 
-1.7199740123753307 -3.739582197121692 
-1.710994940419825 -3.726265589281877 
-1.7033786673253581 -3.7160935814047855 
-1.7026129259098812 -3.7166201697040266 
-1.7023510292011799 -3.715763664611572 
-1.697031526342341 -3.705985395677665 
-1.6966222111799258 -3.703636917756725 
-1.6934346057981264 -3.7119109514638486 
-1.6843333867891164 -3.708049367660375 
-1.6793894320491853 -3.702620100918442 
-1.673799751347456 -3.707094753741945 
-1.659749594392704 -3.7018121849281482 
-1.657794317900662 -3.7049644212157484 
-1.6512064418862658 -3.7102460428934654 
-1.6426674860486397 -3.7055655922811743 
-1.6413011682403138 -3.7006318502974747 
-1.63657588247111 -3.699960960134488 
-1.6330041552737837 -3.694906261059194 
-1.6275905424041772 -3.682239680503784 
-1.6237072303135127 -3.6828566896347974 
-1.6166945033174625 -3.6792534893170847 
-1.6129589629278238 -3.6761545876055646 
-1.6095283670619576 -3.685426946684978 
-1.6050831794878717 -3.6908721539982365 
-1.5925533819634765 -3.685761908353188 
-1.5848608794591903 -3.6852012789534103 
-1.577174394083657 -3.6807199871878433 
-1.5714934782450032 -3.6918185965609718 
-1.5691134742191593 -3.701902546372684 
-1.564120804021799 -3.6896944712204363 
-1.5612480697828983 -3.6806709228102013 
-1.5544041807958346 -3.6740127253153245 
-1.5447849465427805 -3.668011860020659 
-1.5359408034137023 -3.6768687768252595 
-1.53024950388055 -3.678277007724357 
-1.528880702198208 -3.672582863710409 
-1.5257914179687835 -3.6751583242908015 
-1.5226582576232903 -3.6721983081381646 
-1.5129673868635667 -3.6637243090941425 
-1.5066569642959886 -3.6784033987050804 
-1.505380585504596 -3.670795170602362 
-1.503846520386399 -3.668485569048399 
-1.4991899403708386 -3.6654997511084444 
-1.4933356495662697 -3.6701589352997783 
-1.4909392192887463 -3.6674975663849914 
-1.4879716620218977 -3.676856087860774 
-1.484691856375996 -3.6719340491583634 
-1.4824954951463787 -3.6645257123128165 
-1.477212465541547 -3.6671392520481794 
-1.475759363511594 -3.6656972254241396 
-1.4708527955404156 -3.659172312478613 
-1.4672993558193843 -3.6584908109111676 
-1.4656737984774328 -3.6542419251162226 
-1.4615434233156195 -3.6516565407427906 
-1.4599914894971346 -3.6524360859463165 
-1.4583690752505603 -3.6547643985062135 
-1.4502112880049167 -3.6561185506702367 
-1.4462232502995698 -3.635490972201046 
-1.4459944526658255 -3.634069245376525 
-1.442421850188768 -3.626627132852419 
-1.4363053789923965 -3.6428813631962047 
-1.4349618566099447 -3.645942166001662 
-1.4340461726529998 -3.6480097130595035 
-1.4234533024955374 -3.649668745512196 
-1.4223224831559058 -3.6471047576105593 
-1.4201230964934493 -3.6444213119624145 
-1.4129083850705346 -3.6489500408986704 
-1.4009929704296342 -3.6373654696306237 
-1.3980665627264353 -3.639230295530143 
-1.3960783183557977 -3.632597796737585 
-1.3937596461537978 -3.6396749075662562 
-1.3929475886090048 -3.6432223164156445 
-1.3882854688711401 -3.6423300102362064 
-1.387454558749291 -3.642395699859297 
-1.3764171397455744 -3.644759345952791 
-1.3711096099049378 -3.648026496118023 
-1.3691329210721348 -3.6519654503718466 
-1.3675065503311568 -3.6526075705961607 
-1.3655792975020324 -3.646629999154101 
-1.3644585495901538 -3.648196677020487 
-1.36126525761995 -3.6474333658172124 
-1.3612130581583501 -3.649710413636716 
-1.3597473865116936 -3.646580903017424 
-1.3539687536697422 -3.633425016675515 
-1.3501699559115672 -3.6256581304252706 
-1.3441224599664268 -3.6247810702634125 
-1.3414963969581926 -3.625506123675491 
-1.340347615636995 -3.632898684993904 
-1.3386185338872771 -3.6213576897849498 
-1.338012007861042 -3.621806713700042 
-1.3378517672853256 -3.6191296637610586 
-1.329637556835735 -3.6239414898182365 
-1.3260716056054849 -3.6094090951195903 
-1.3220088192110964 -3.6030378291036116 
-1.3213193869923536 -3.605949240231491 
-1.3191319312290732 -3.6007931295181335 
-1.3174506802162713 -3.6030364691752443 
-1.3174506802162713 -3.6030364691752443 
-1.3145726768210493 -3.6016476301903615 
-1.3141036224509777 -3.5866344932806573 
-1.3110265915193455 -3.5942406545467023 
-1.3104741106744615 -3.5872350228778704 
-1.3096941142905967 -3.58805782995511 
-1.3081624263859686 -3.587374424011823 
-1.3058653894989214 -3.5855995780931447 
-1.302487059683648 -3.5876605923210856 
-1.3017684900950475 -3.596106305849875 
-1.3003111367632623 -3.589685398459384 
-1.2990968485557273 -3.579192035650287 
-1.2990968485557273 -3.579192035650287 
-1.2954050421093553 -3.5764251307763493 
-1.2925148001347937 -3.592460450655468 
-1.2915256319526218 -3.5706702426915915 
-1.2899826689584286 -3.5698312528804186 
-1.2894435638186121 -3.583605641339099 
-1.2889014964824916 -3.5882816880773816 
-1.281937542918601 -3.573548394983194 
-1.2785855769152576 -3.5696590106020745 
-1.2768726897662397 -3.584035736597591 
-1.2751475985975804 -3.587822779896278 
-1.2723042409287362 -3.5765281518945424 
-1.2698637381660105 -3.5801043437482107 
-1.2683800488493553 -3.578691434308045 
-1.2669811618487634 -3.567633635919465 
-1.2648734993962734 -3.5647748903723753 
-1.2616143964530242 -3.553994523961929 
-1.2594951624702295 -3.5593890220003637 
-1.2571535404424197 -3.5575635628533075 
-1.254978790191282 -3.551790571019819 
-1.2524465333330441 -3.5577907966442743 
-1.2509022128645493 -3.5563170033118943 
-1.2487034958167726 -3.5541892654933456 
-1.2482570776478683 -3.5541452800550686 
-1.2482570776478683 -3.5541452800550686 
-1.2482570776478683 -3.5541452800550686 
-1.2482065725973635 -3.5539995641377593 
-1.2475816825679475 -3.5498173118855054 
-1.2471700535172652 -3.545330286020067 
-1.2420722391319203 -3.546243782087563 
-1.2400258899746546 -3.54283970926538 
-1.2392508061922112 -3.5396474853802156 
-1.2374361577003692 -3.5345973623217715 
-1.2372189916349012 -3.537259881602974 
-1.2369348329092331 -3.5328958072305627 
-1.2368013882604514 -3.531040329738193 
-1.2365342670222301 -3.530717144591641 
-1.2348284796327549 -3.5306040947539343 
-1.232121290087801 -3.5346568925675212 
-1.232121290087801 -3.5346568925675212 
-1.2287270694850996 -3.5322252314152762 
-1.228125833205655 -3.536130080055936 
-1.227082337848333 -3.538913340066502 
-1.22472747695234 -3.5291142718621047 
-1.217757400880228 -3.519852287041375 
-1.2149068127737126 -3.511827321925871 
-1.2146082607510227 -3.511791325315669 
-1.2112047250440199 -3.495465314396359 
-1.2053167231576554 -3.4997605154594624 
-1.204022730021628 -3.5078422775560645 
-1.2002756826268417 -3.506654920326195 
-1.1993365056234788 -3.510887963167565 
-1.1975923304520928 -3.5161913332728627 
-1.1969072133850807 -3.512159339707336 
-1.1956258464215108 -3.5113703801794953 
-1.1941406572950797 -3.5038670603217392 
-1.1937592583470065 -3.5013483248482373 
-1.1930164884946284 -3.506756667976911 
-1.1929089535819744 -3.507606700014302 
-1.1905022439068949 -3.5073511634170615 
-1.1884453496417149 -3.505473733502951 
-1.188049231598538 -3.506996892796374 
-1.1831536780948628 -3.5063589079756166 
-1.180054170143361 -3.5055737677468457 
-1.178695086517676 -3.5168603703244194 
-1.1778983864532668 -3.516032225117165 
-1.175909869571787 -3.516301882931394 
-1.1715272787854873 -3.513822799486587 
-1.1711508436264437 -3.5139291289299086 
-1.1698923268272412 -3.514593932203195 
-1.1662846145592893 -3.511642643428386 
-1.159931870224163 -3.510263667760321 
-1.159581546174417 -3.5075874882417932 
-1.1584798044291493 -3.503224362717933 
-1.1584281272892227 -3.50389106305298 
-1.1580365468183877 -3.5035996619062653 
-1.154866584074428 -3.5000690467420124 
-1.1513573807376116 -3.4890031877222474 
-1.148611741129893 -3.4898874135650853 
-1.1471047392375435 -3.4783124085769295 
-1.1468666064581041 -3.4818505002372278 
-1.1464328375682118 -3.479019696522054 
-1.145792068530008 -3.4783851235482404 
-1.1372909563660594 -3.475795938234085 
-1.1337928826899022 -3.4748822479188637 
-1.1314515026790177 -3.4851206743550516 
-1.131024145766069 -3.485555533938008 
-1.1305179729946926 -3.4846568857849483 
-1.127060178026619 -3.485575178302534 
-1.1262420457039684 -3.478180367190446 
-1.1257577443921365 -3.4803412271463823 
-1.1242089463763363 -3.483036390763485 
-1.1225780376433265 -3.4896906720545284 
-1.1204182968828627 -3.4805472402070534 
-1.1204182968828627 -3.4805472402070534 
-1.1190983503473058 -3.481647752159016 
-1.1189921763280883 -3.4810853162137265 
-1.113932794768213 -3.4829430565440993 
-1.1126602135332602 -3.490795349974673 
-1.1108358949331687 -3.4857618212509216 
-1.1108355958791722 -3.4712335884926877 
-1.1102308389930318 -3.4837662831999907 
-1.1102308389930318 -3.4837662831999907 
-1.1088178071090913 -3.4862523082676673 
-1.105355380643466 -3.4871943628898805 
-1.1018809632821402 -3.485831425572156 
-1.1012941535259069 -3.4850046284767413 
-1.1008265913543485 -3.482836824265546 
-1.1007140500011328 -3.483462278300202 
-1.0982439057469076 -3.4841849635333397 
-1.0959919320707872 -3.4858677482455893 
-1.0925693133169814 -3.483011760734728 
-1.092239362069683 -3.476982487508998 
-1.091871974729859 -3.4738370692301217 
-1.0917627089955932 -3.47647514005661 
-1.09071998327508 -3.4768609670551682 
-1.0904619492454006 -3.474899476172777 
-1.0903826456946526 -3.472689677493814 
-1.0897845857059747 -3.472324258498618 
-1.0897845857059747 -3.472324258498618 
-1.0897845857059747 -3.472324258498618 
-1.0872083711389018 -3.471665032453958 
-1.0857754052710982 -3.4626350096722067 
-1.084770715578249 -3.460859742075348 
-1.0844841868022133 -3.46047204743667 
-1.0816629950396104 -3.4585130516763334 
-1.0801114727450678 -3.4570092478796157 
-1.0777406433165297 -3.4610780642420327 
-1.0740319717119 -3.466258662429786 
-1.0729131566267354 -3.460689656860763 
-1.0729131566267354 -3.460689656860763 
-1.0698804455182125 -3.4616014974476466 
-1.0698804455182125 -3.4616014974476466 
-1.06970058422724 -3.4604835926304496 
-1.066162522888388 -3.459628962569502 
-1.0654162337021935 -3.4535030086901446 
-1.065217737753099 -3.45619550419136 
-1.0645683826927839 -3.4689106985738647 
-1.0602649783112086 -3.4619338447661145 
-1.0564919649236695 -3.4659707087978875 
-1.0560146794071135 -3.4689382398071262 
-1.0521824084787692 -3.464745816496268 
-1.050000986625117 -3.467794034305808 
-1.0418039602409657 -3.4629575072084626 
-1.0401946899733783 -3.468125909474518 
-1.0399135118630967 -3.4687854967831155 
-1.0394800176224355 -3.4747984764401223 
-1.0379520939802236 -3.4691565588731024 
-1.036361915352033 -3.462559705739581 
-1.0359084717690843 -3.4658476730097703 
-1.035839096699709 -3.4705852506243864 
-1.0333320713732548 -3.476187821019031 
-1.0333320713732548 -3.476187821019031 
-1.0332626963038796 -3.4780220928445926 
-1.0331013079845968 -3.478322395729764 
-1.032493514855862 -3.481144801190175 
-1.0303265270630149 -3.4646455915202634 
-1.0294151577305932 -3.464079535090269 
-1.0279315143134442 -3.4666973612268084 
-1.0254498301091055 -3.4613303319412445 
-1.0252884417898223 -3.46144815105229 
-1.0245962769150234 -3.461534203899072 
-1.0241405922488125 -3.4613635210208953 
-1.0234663364590126 -3.4658158815998705 
-1.0208462929922777 -3.4662701688782853 
-1.0197680804568052 -3.470088182414523 
-1.0187093654948705 -3.471598085731647 
-1.0179669864032528 -3.4699523144594764 
-1.0175415046284408 -3.464237772768078 
-1.0131543997608907 -3.4694096453873113 
-1.0118640598024775 -3.4715049975356576 
-1.0109729974940598 -3.462062800101428 
-1.010221059996966 -3.4605598042395047 
-1.0074031286900231 -3.4569183573770177 
-1.0035345060642267 -3.4521389500916473 
-1.0028390366483884 -3.4529804323864988 
-1.002753595773474 -3.450995064538681 
-1.0006933071520654 -3.4548639589785206 
-1.0002565901011025 -3.451350446251465 
-0.9992836448130067 -3.4516955737621537 
-0.9988120074505464 -3.4523306912060407 
-0.9985175907181152 -3.451456228311573 
-0.9980304803387313 -3.4563362961311035 
-0.9975795423877932 -3.4542021960488842 
-0.9954816797966464 -3.4520550931144114 
-0.9954816797966464 -3.4520550931144114 
-0.9954816797966464 -3.4520550931144114 
-0.9949133948811661 -3.449510086164572 
-0.9948852401903001 -3.448707680242377 
-0.9941358588965639 -3.4468391157039195 
-0.9935753145182031 -3.4449446401549637 
-0.9932208931111501 -3.4442515495462174 
-0.9929007858791329 -3.4407905388896123 
-0.989472248093623 -3.43961059302447 
-0.9888114495135396 -3.4377972065999067 
-0.9881485494579706 -3.440193316782339 
-0.9863981566966882 -3.445286114125908 
-0.9852877626951261 -3.4470181289207047 
-0.9852877626951261 -3.4470181289207047 
-0.983600995000334 -3.4467265672660843 
-0.9835781981361869 -3.446685625725141 
-0.9834179771037667 -3.444205233290186 
-0.9829487485059885 -3.45201475682728 
-0.9828901747421851 -3.4515670976680317 
-0.9828901747421851 -3.4515670976680317 
-0.9828901747421851 -3.4515670976680317 
-0.9824661640345881 -3.4469849281744604 
-0.9788166411206647 -3.4438454269491756 
-0.9780853815551841 -3.4470422313168485 
-0.9746773826326588 -3.4528186312410556 
-0.9739069429087307 -3.4514592301464595 
-0.9733842967151628 -3.450118247499789 
-0.9720723085628151 -3.4517904714407717 
-0.9702190846764454 -3.4516603701849506 
-0.9683104474756672 -3.457151590371952 
-0.968260938844443 -3.4565733485383574 
-0.964715260891703 -3.4406818963816495 
-0.9642298551768675 -3.4496023671084513 
-0.9625876747080931 -3.4335004445683652 
-0.9617831008208334 -3.4333337616066313 
-0.9610544417624032 -3.4270945349587016 
-0.9608815490692526 -3.427586834239677 
-0.9599556710605237 -3.4273208197259586 
-0.9561276909099898 -3.4175271653321535 
-0.9557826966643557 -3.4170773961195047 
-0.9530591641424989 -3.4270782657061964 
-0.9502473360932168 -3.4253519644185317 
-0.9483678738601337 -3.4297321701338985 
-0.947365302097201 -3.4270949652814355 
-0.9463825526579978 -3.4333152577320325 
-0.9422499316935542 -3.428094370577586 
-0.9422499316935542 -3.428094370577586 
-0.9418349854232568 -3.434318227284749 
-0.9418250560763067 -3.43582946478298 
-0.941547752908536 -3.434189355688868 
-0.9412431998401639 -3.4332999350339235 
-0.9401969102908913 -3.437318224680574 
-0.9391522598983602 -3.4353048876857866 
-0.9384181077272077 -3.4371117562031688 
-0.935101167920181 -3.4319674602153043 
-0.933198809336391 -3.4328114666027827 
-0.9322585398992352 -3.4325743265676283 
-0.9317600979176458 -3.431981381697821 
-0.9315605197257838 -3.436456067923151 
-0.9314024965621817 -3.4354322693981834 
-0.9311015372799638 -3.4341019798199035 
-0.9291712070138975 -3.439865501254127 
-0.9287048194988822 -3.445316391008794 
-0.9277360609538903 -3.443431764023652 
-0.9274124716712109 -3.446909825019365 
-0.9274124716712109 -3.446909825019365 
-0.9274124716712109 -3.446909825019365 
-0.9265611023571655 -3.4487475144068735 
-0.9261846671981215 -3.4461616801814228 
-0.9253064284262424 -3.4451989905788305 
-0.92503980388091 -3.450826186367449 
-0.9243633634432664 -3.4457892513951096 
-0.9241814429737278 -3.4440089299258783 
-0.9239709866311843 -3.4419439121815896 
-0.923937456765203 -3.4324897679323874 
-0.9238333418394514 -3.440202515268595 
-0.9171182473893342 -3.4436993711187633 
-0.9165186818116735 -3.44653859509132 
-0.9151351376924863 -3.4457490419856946 
-0.9150688109503731 -3.4437755273583326 
-0.9146420077066684 -3.4407913389831144 
-0.9146420077066684 -3.4407913389831144 
-0.9140167183381961 -3.4416944062215715 
-0.9127233919037451 -3.444229669065247 
-0.9127233919037451 -3.444229669065247 
-0.9127233919037451 -3.444229669065247 
-0.9124419079177598 -3.4428403058434514 
-0.9124419079177598 -3.4428403058434514 
-0.9120832921745287 -3.4413406355020557 
-0.9118894927262161 -3.4391833310500393 
-0.9117569556197744 -3.4411209665673352 
-0.9110448444161768 -3.4437684602535015 
-0.899629920860553 -3.4393232196005594 
-0.8898631648167928 -3.431476723359524 
-0.8890962575197894 -3.428775308711464 
-0.8890962575197894 -3.428775308711464 
-0.8890962575197894 -3.428775308711464 
-0.8890962575197894 -3.428775308711464 
-0.8890173789509884 -3.4258359253840385 
-0.8886160143112132 -3.4212407209597573 
-0.888396314882653 -3.422748196851245 
-0.888396314882653 -3.422748196851245 
-0.8881550347153917 -3.413132899146675 
-0.8880503318875416 -3.4123539455931473 
-0.8878801991795079 -3.419606654194977 
-0.8872807724074918 -3.4200449803746222 
-0.8872807724074918 -3.4200449803746222 
-0.8858420537905148 -3.4197962930756205 
-0.8826877388046491 -3.421501404192166 
-0.8810886932890489 -3.4203975861664753 
-0.8808048325503947 -3.422128778733013 
-0.8799128326509899 -3.4207313887052972 
-0.8758938661941813 -3.4130564517071913 
-0.8685419240422018 -3.4164879136498416 
-0.8685419240422018 -3.4164879136498416 
-0.8683588129418885 -3.4189117946049787 
-0.867039484891974 -3.420478832881315 
-0.866195279467634 -3.4275689323903817 
-0.866019774824716 -3.423620755089214 
-0.866019774824716 -3.423620755089214 
-0.8626716619121267 -3.4336632809949466 
-0.862447055847919 -3.4277393216623433 
-0.862447055847919 -3.4277393216623433 
-0.8624461460777813 -3.4359229078959452 
-0.8624461460777813 -3.4359229078959452 
-0.8597834016218544 -3.4359096453507463 
-0.8585000456743194 -3.435772549199005 
-0.8585000456743194 -3.435772549199005 
-0.8585000456743194 -3.435772549199005 
-0.8581153886218488 -3.4336295228627747 
-0.8579726864127298 -3.437033057896122 
-0.8572846886159164 -3.433657906622418 
-0.857122275999979 -3.436864149503265 
-0.857122275999979 -3.436864149503265 
-0.8566905434037619 -3.437943229376677 
-0.8554079967191938 -3.439207746107502 
-0.8551403178357151 -3.439378556666427 
-0.8550973050205541 -3.440642384808672 
-0.8546957709541139 -3.435932686844718 
-0.8540761716202262 -3.4370447982319816 
-0.853034289424117 -3.4377323878159105 
-0.8530000396541049 -3.4381773151910986 
-0.8514795521399366 -3.4330925817229208 
-0.8513901727920015 -3.430984895913726 
-0.8508589777628609 -3.432600190071776 
-0.8508589777628609 -3.432600190071776 
-0.8501307606457814 -3.433186327479625 
-0.8497978695763829 -3.4340192452715237 
-0.8488046104499568 -3.429225758871432 
-0.8484752296857935 -3.427334170985216 
-0.8482367124805029 -3.4374549633391758 
-0.8463352263800307 -3.4318562891154176 
-0.8459675444115977 -3.4351517826198585 
-0.8452844197668967 -3.428554745317585 
-0.8364890463755178 -3.4195498800242685 
-0.835744129839044 -3.4161563412444855 
-0.8355808461011376 -3.420794387982174 
-0.8355808461011376 -3.420794387982174 
-0.8355808461011376 -3.420794387982174 
-0.8351399455346428 -3.4159736127181155 
-0.8346928739413262 -3.414984629877087 
-0.8346928739413262 -3.414984629877087 
-0.8346928739413262 -3.414984629877087 
-0.8346766427736783 -3.417547146755199 
-0.8344939776726766 -3.4157146205749536 
-0.8344939776726766 -3.4157146205749536 
-0.8344939776726766 -3.4157146205749536 
-0.8338875659222394 -3.4129689961409544 
-0.8333732638266594 -3.408851251467713 
-0.8326011186426033 -3.400659119983574 
-0.8326011186426033 -3.400659119983574 
-0.8322199484501124 -3.4014929625221253 
-0.830306115419491 -3.394959878967439 
-0.8270075972952552 -3.3978874715966287 
-0.8237701292966009 -3.3940161841032133 
-0.8235013661979811 -3.393039581601606 
-0.82071524482622 -3.390514964527803 
-0.82071524482622 -3.390514964527803 
-0.8206660152687938 -3.3909913066077535 
-0.8206660152687938 -3.3909913066077535 
-0.8206660152687938 -3.3909913066077535 
-0.8206660152687938 -3.3909913066077535 
-0.8205829538376945 -3.3920033231317106 
-0.8193709319698801 -3.3945573790706405 
-0.8193709319698801 -3.3945573790706405 
-0.8193709319698801 -3.3945573790706405 
-0.818995247285731 -3.3977226873359094 
-0.818995247285731 -3.3977226873359094 
-0.8185927559142261 -3.4021042876032963 
-0.8182798712182423 -3.400520082782851 
-0.8182798712182423 -3.400520082782851 
-0.8182798712182423 -3.400520082782851 
-0.8172645908726592 -3.4038388112771925 
-0.8172645908726592 -3.4038388112771925 
-0.8169214753991157 -3.4083770394460093 
-0.8169214753991157 -3.4083770394460093 
-0.8169214753991157 -3.4083770394460093 
-0.8145753779193396 -3.4053839131001324 
-0.8144392957256946 -3.4063058879351007 
-0.8144392957256946 -3.4063058879351007 
-0.8139889318534286 -3.41126060475026 
-0.8135616837923159 -3.4155404580709776 
-0.8129287050158642 -3.413759368617469 
-0.8124454293547229 -3.419389335573038 
-0.8103951202892838 -3.419122123611265 
-0.8103951202892838 -3.419122123611265 
-0.8099215695858246 -3.417315694985829 
-0.809639435285912 -3.4152289409374355 
-0.8071408386196369 -3.408204923891687 
-0.8071408386196369 -3.408204923891687 
-0.807056878817007 -3.408508448822724 
-0.807056878817007 -3.408508448822724 
-0.807056878817007 -3.408508448822724 
-0.8068818524896852 -3.4046202978829747 
-0.8068818524896852 -3.4046202978829747 
-0.8068312946832347 -3.4074709012684945 
-0.8066469507803812 -3.4054357887415962 
-0.8066469507803812 -3.4054357887415962 
-0.8051863392747198 -3.4047065256982636 
-0.8051863392747198 -3.4047065256982636 
-0.8051098991982798 -3.399934060184154 
-0.802299635000911 -3.400335928208186 
-0.8018943451956835 -3.4030675311582437 
-0.7998160788726778 -3.401462126075832 
-0.7989443907209545 -3.404589836528097 
-0.798519488735962 -3.405360161186532 
-0.797317853021013 -3.395513315343005 
-0.7972629552812114 -3.396209505483148 
-0.7966082681577304 -3.3964493013881656 
-0.7962107514616091 -3.3944224897023005 
-0.790127228369442 -3.3966488572215914 
-0.7890672436179992 -3.3964322274463923 
-0.7885356115074197 -3.3958799557631996 
-0.7885356115074197 -3.3958799557631996 
-0.7885356115074197 -3.3958799557631996 
-0.7881748611466695 -3.3958961405576673 
-0.7877857058599603 -3.389409583095829 
-0.787632968812062 -3.3886794693498525 
-0.7875621259592204 -3.38809872369184 
-0.7874044514577802 -3.391440433817861 
-0.7853336172908518 -3.39030607380218 
-0.7843666027211058 -3.38984868035238 
-0.7840704966712482 -3.3801946192972707 
-0.7839788110334065 -3.3798997308025567 
-0.7833546753971242 -3.381070017171978 
-0.7821247418930228 -3.3841537553445735 
-0.7821247418930228 -3.3841537553445735 
-0.7814044531538477 -3.382024507521207 
-0.7814044531538477 -3.382024507521207 
-0.7811911128543004 -3.3822426916513657 
-0.7806703433617869 -3.382995466140389 
-0.7803971678996505 -3.3796275611235815 
-0.7803971678996505 -3.3796275611235815 
-0.7803243240768066 -3.3780244560344066 
-0.7803243240768066 -3.3780244560344066 
-0.7796540943353933 -3.370966531520609 
-0.7796540943353933 -3.370966531520609 
-0.7790670383927539 -3.365915040013287 
-0.7760810846403706 -3.3683693686243465 
-0.7724703386514062 -3.373224535266527 
-0.7716027735454305 -3.3731356765872165 
-0.7704814753103971 -3.3743969021802953 
-0.7704814753103971 -3.3743969021802953 
-0.7704814753103971 -3.3743969021802953 
-0.7704814753103971 -3.3743969021802953 
-0.7692450011144348 -3.3738670127770574 
-0.7690846529190207 -3.373314539595695 
-0.7690846529190207 -3.373314539595695 
-0.7690846529190207 -3.373314539595695 
-0.7689106229972652 -3.3820201761464976 
-0.7687353153151375 -3.381848104942533 
-0.7680424685425478 -3.3755591241477316 
-0.7674456881580176 -3.3784129464957218 
-0.7672781610246254 -3.3768143572358276 
-0.7671420788309805 -3.3765216482460474 
-0.7671038688200458 -3.3722521986270775 
-0.766264791586885 -3.3737297544359848 
-0.7657086501748793 -3.3699024586352815 
-0.7657086501748793 -3.3699024586352815 
-0.762499216526059 -3.3758912495392295 
-0.762499216526059 -3.3758912495392295 
-0.762499216526059 -3.3758912495392295 
-0.762132377701552 -3.3726262302246797 
-0.762132377701552 -3.3726262302246797 
-0.762132377701552 -3.3726262302246797 
-0.7615992767621662 -3.372444835261124 
-0.7615992767621662 -3.372444835261124 
-0.7613774564390982 -3.3760738849255154 
-0.7613774564390982 -3.3760738849255154 
-0.7613774564390982 -3.3760738849255154 
-0.7609295112946746 -3.375151793660995 
-0.7606359192244998 -3.3684621141110687 
-0.7589027747519661 -3.367401586478691 
-0.7589027747519661 -3.367401586478691 
-0.7589021511261855 -3.369866503863766 
-0.7583234759697958 -3.3760406429058407 
-0.7549773199720521 -3.3714902240495443 
-0.7548227126745876 -3.3696528422989855 
-0.7548227126745876 -3.3696528422989855 
-0.7548227126745876 -3.3696528422989855 
-0.7542626415041086 -3.3714916865588105 
-0.7535776329667663 -3.3674734517464704 
-0.7531175153289659 -3.3665824485520823 
-0.7530435968726945 -3.3660621622880997 
-0.7530435968726945 -3.3660621622880997 
-0.7524754467183855 -3.367941653498516 
-0.7524754467183855 -3.367941653498516 
-0.7511626033781784 -3.368066966656925 
-0.7494758142919071 -3.3719997485405737 
-0.7494758142919071 -3.3719997485405737 
-0.7487790826391266 -3.3715923410550213 
-0.7487790826391266 -3.3715923410550213 
-0.7482521730578705 -3.373005824778396 
-0.7465665777269445 -3.3728519545899958 
-0.7402889961122533 -3.3631315976424667 
-0.738750932400028 -3.3580015127158647 
-0.738750932400028 -3.3580015127158647 
-0.7377968391646793 -3.3539765749099337 
-0.7373720505976274 -3.353493471712094 
-0.7365042603611709 -3.354077744396968 
-0.7339604744471476 -3.356886123708443 
-0.7339604744471476 -3.356886123708443 
-0.733281770041772 -3.3543721089910417 
-0.7323288816094832 -3.3553562564949524 
-0.732081646561044 -3.35468839543877 
-0.7314357304914081 -3.356532781872464 
-0.7310846511446518 -3.3508205945094307 
-0.7310846511446518 -3.3508205945094307 
-0.7307322903271746 -3.3497904932890656 
-0.7307322903271746 -3.3497904932890656 
-0.7307322903271746 -3.3497904932890656 
-0.730496935779429 -3.3497965953832773 
-0.7286970180026557 -3.351295087820531 
-0.7283001230135593 -3.352727149249227 
-0.7242584779737392 -3.3480582355904756 
-0.7234761609768258 -3.3533489100028215 
-0.7233281055436371 -3.352027381029818 
-0.7233281055436371 -3.352027381029818 
-0.7229142934368058 -3.347173723800766 
-0.7226002723973961 -3.3453661996146464 
-0.721400039577505 -3.343144005282083 
-0.7189317600857509 -3.342956622988034 
-0.7174950059486154 -3.341460127161495 
-0.7168470789281046 -3.3449851002646698 
-0.7154059626328884 -3.3393916071209997 
-0.714741825003037 -3.338219215239979 
-0.714741825003037 -3.338219215239979 
-0.7142973216354723 -3.3362514050036904 
-0.7118376443126964 -3.334773231276017 
-0.7117366716089838 -3.335715065705987 
-0.7117366716089838 -3.335715065705987 
-0.7097102736051796 -3.332855953276944 
-0.7091914935446025 -3.3340509825989058 
-0.7091914935446025 -3.3340509825989058 
-0.7060420494880852 -3.3316745346449155 
-0.7059555682372205 -3.3320625828954618 
-0.7049171399407159 -3.3334073496693173 
-0.704484959429372 -3.3266816439283105 
-0.7043127049011176 -3.327413405993836 
-0.7039717567130857 -3.3280695792969577 
-0.7026207460678421 -3.3257534121853083 
-0.7026207460678421 -3.3257534121853083 
-0.7024859413892577 -3.327738126008444 
-0.6999388604311853 -3.3241530105126063 
-0.6995372461906786 -3.324247960107895 
-0.6995372461906786 -3.324247960107895 
-0.6981636546913447 -3.3284605381503827 
-0.6975399372298441 -3.3300138911012644 
-0.6972082949612788 -3.3327653014771577 
-0.6971654477994557 -3.330646748517897 
-0.6971654477994557 -3.330646748517897 
-0.6971654477994557 -3.330646748517897 
-0.6971654477994557 -3.330646748517897 
-0.6971654477994557 -3.330646748517897 
-0.6922689192470277 -3.3316089479267297 
-0.6920838633961588 -3.3313317320118685 
-0.6919962100027203 -3.339341490939904 
-0.6911054016177668 -3.3379575272225943 
-0.6911054016177668 -3.3379575272225943 
-0.6911054016177668 -3.3379575272225943 
-0.690714394775147 -3.335393609696371 
-0.6904237436846544 -3.3343723879402654 
-0.6886681354914859 -3.341731581820163 
-0.6870031338264841 -3.3448780596044343 
-0.6859876796173564 -3.344515880090178 
-0.6833111741681728 -3.3494576479613176 
-0.6833111741681728 -3.3494576479613176 
-0.6819997325535336 -3.3458541601996683 
-0.6819482775647745 -3.34614255164678 
-0.6819482775647745 -3.34614255164678 
-0.6818776411305016 -3.348737467380556 
-0.6818776411305016 -3.348737467380556 
-0.6816924044906942 -3.3467276671035577 
-0.6813426536461942 -3.3437138675621147 
-0.6811248245565995 -3.3417859255991416 
-0.679950257231431 -3.3397449587549963 
-0.6787282305260434 -3.3462626125708907 
-0.6779369181615366 -3.336348513726711 
-0.6764493110145227 -3.3350258285020247 
-0.6763628449491277 -3.336437981073887 
-0.6763628449491277 -3.336437981073887 
-0.6763628449491277 -3.336437981073887 
-0.6763628449491277 -3.336437981073887 
-0.6753284168874399 -3.325915365257622 
-0.6748926079971512 -3.321050422610366 
-0.6748926079971512 -3.321050422610366 
-0.6746822886502607 -3.323160440354465 
-0.6744889138668321 -3.325788395570567 
-0.6740095025726143 -3.325340979495598 
-0.6740095025726143 -3.325340979495598 
-0.6737601604115073 -3.321813749276946 
-0.6737601604115073 -3.321813749276946 
-0.6737601604115073 -3.321813749276946 
-0.6733542762874567 -3.317757736727726 
-0.672959594624633 -3.3198283608636383 
-0.6716484582545001 -3.31971804797432 
-0.6709360574814023 -3.316720128867367 
-0.6707138686456707 -3.3168417788223206 
-0.6700912125849009 -3.318455529716395 
-0.6700912125849009 -3.318455529716395 
-0.6697388794601159 -3.3161954625891794 
-0.669683379404616 -3.317873799155542 
-0.6694798059887008 -3.3159675051608164 
-0.6694798059887008 -3.3159675051608164 
-0.6694798059887008 -3.3159675051608164 
-0.6689473273605598 -3.314210422003533 
-0.6689473273605598 -3.314210422003533 
-0.667788307279509 -3.32317330502949 
-0.6675057696811484 -3.311612687731831 
-0.665085525660328 -3.299308661135039 
-0.6642895892101552 -3.2940490617418527 
-0.6628946757783813 -3.296417531640237 
-0.6625021099143121 -3.280289397989894 
-0.6618460823556755 -3.29208099393961 
-0.6600625805339878 -3.2867212942060124 
-0.6597901846713847 -3.2854788758957376 
-0.6596131647511183 -3.288132093999207 
-0.6565264533549425 -3.299264914471714 
-0.6563159348905128 -3.2885244518027057 
-0.6561739161714187 -3.288916781350359 
-0.6557016618638364 -3.294097420331777 
-0.6553630805196684 -3.293468118979061 
-0.6553630805196684 -3.293468118979061 
-0.6551748836852742 -3.3010045637092897 
-0.6550973823290005 -3.3028217711543486 
-0.6549315977271056 -3.2982090585309187 
-0.6549315977271056 -3.2982090585309187 
-0.6546569114184477 -3.3008001627061683 
-0.6546569114184477 -3.3008001627061683 
-0.6545941722252739 -3.298673333284194 
-0.654518885193465 -3.3002146683047835 
-0.6544641506559719 -3.299486712862151 
-0.6544641506559719 -3.299486712862151 
-0.6544641506559719 -3.299486712862151 
-0.6544641506559719 -3.299486712862151 
-0.6544641506559719 -3.299486712862151 
-0.6544641506559719 -3.299486712862151 
-0.6544641506559719 -3.299486712862151 
-0.6529113253441414 -3.3098503193453856 
-0.6527798173850489 -3.306772075354099 
-0.6525453296505611 -3.3070160988558848 
-0.6525453296505611 -3.3070160988558848 
-0.6525453296505611 -3.3070160988558848 
-0.6525453296505611 -3.3070160988558848 
-0.6521121272126118 -3.301190631488403 
-0.6517204321114693 -3.2994948474165837 
-0.6517204321114693 -3.2994948474165837 
-0.6514795221250497 -3.2992372378691766 
-0.6514795221250497 -3.2992372378691766 
-0.6509052593553384 -3.2943077897534874 
-0.6505184964873547 -3.2955699089789614 
-0.6505184964873547 -3.2955699089789614 
-0.6505184964873547 -3.2955699089789614 
-0.6505184964873547 -3.2955699089789614 
-0.6504153590412631 -3.2950796387078896 
-0.6499267367272482 -3.293674852952865 
-0.6479449028481558 -3.2912350294040893 
-0.647916509802675 -3.2892239694697425 
-0.644964773918619 -3.2953581402547787 
-0.6448195039723982 -3.2908393749732094 
-0.6448195039723982 -3.2908393749732094 
-0.6427840586729386 -3.2930432758728037 
-0.6419625841900093 -3.2951025324631615 
-0.641530940641917 -3.293831269400459 
-0.6407086292878339 -3.291216428831202 
-0.6407086292878339 -3.291216428831202 
-0.6407086292878339 -3.291216428831202 
-0.639699771057623 -3.283042596148946 
-0.639073665549444 -3.28225010228289 
-0.6387089747606768 -3.280881289991394 
-0.6384148142358076 -3.2789101867612733 
-0.6382042911960665 -3.273451007473463 
-0.6382042911960665 -3.273451007473463 
-0.6382042911960665 -3.273451007473463 
-0.6382042911960665 -3.273451007473463 
-0.6374548008791001 -3.2770295371661646 
-0.6373416854848877 -3.2739226687277614 
-0.6373416854848877 -3.2739226687277614 
-0.6369742433403713 -3.271778094443568 
-0.6367530665163124 -3.2698226641996806 
-0.6363977840129265 -3.271806701445164 
-0.6363977840129265 -3.271806701445164 
-0.6360584267727213 -3.2669756078854317 
-0.635945900966947 -3.2658190324260103 
-0.6352102235440072 -3.2661565733534643 
-0.6342617094033396 -3.2752105508080613 
-0.6318090677338845 -3.280726275666878 
-0.6313981493096668 -3.279884654015739 
-0.6313981493096668 -3.279884654015739 
-0.6312076184675361 -3.2795641628587116 
-0.6299943201499705 -3.279736483469805 
-0.6290811527020217 -3.27701143684305 
-0.6290811527020217 -3.27701143684305 
-0.6287763214469657 -3.272559366741903 
-0.6284459161509375 -3.27547679658051 
-0.6284459161509375 -3.27547679658051 
-0.6284459161509375 -3.27547679658051 
-0.6284459161509375 -3.27547679658051 
-0.6284459161509375 -3.27547679658051 
-0.6277880260039757 -3.2774419252827456 
-0.6276260643577865 -3.271512695835761 
-0.627414367326462 -3.2670185348352456 
-0.6270270059629338 -3.2668631513464854 
-0.626902998148011 -3.2681091342975295 
-0.6252352491204847 -3.265575597946727 
-0.6245886427072964 -3.2704514743020785 
-0.6244217449512757 -3.2670745099401164 
-0.6241755486524478 -3.269758131443689 
-0.6232310215696611 -3.270528296385832 
-0.6232310215696611 -3.270528296385832 
-0.623081041232166 -3.2739173379580313 
-0.6229316600968693 -3.2734131865319562 
-0.6229316600968693 -3.2734131865319562 
