-8.955583940019507 -4.405733883464801 
-8.41206191510954 -4.345206172011729 
-8.092298606731719 -4.339979429429733 
-7.87815311695297 -4.333352458736429 
-7.629989359867147 -4.312482207210146 
-7.4543322164747545 -4.258021867965046 
-7.254299494762584 -4.24495748167943 
-7.0557470388123855 -4.269421800523046 
-6.895360515489233 -4.3270863187128334 
-6.7412402469744555 -4.265483549536987 
-6.592144642009948 -4.254974821434394 
-6.460506770888618 -4.2494680946942225 
-6.28788080140167 -4.151407671848305 
-6.16029564456792 -4.175251063359276 
-6.052466879808056 -4.143402897544073 
-5.944167991067936 -4.044450770966656 
-5.8101932190291885 -4.081654277536817 
-5.671665003431411 -4.125276255636365 
-5.574518862238406 -4.115580865641089 
-5.48187105929545 -4.110478397334488 
-5.363463369953209 -4.0456045297869325 
-5.280847957815653 -4.060259248245386 
-5.201797516078932 -4.070503951608273 
-5.1438256683023225 -4.092334802751489 
-5.055068922179658 -4.081931719587927 
-4.9442947900692715 -4.04345814541194 
-4.876106082186213 -4.054995005333387 
-4.787517430753084 -4.083295629028033 
-4.735337118203172 -4.008994319698202 
-4.657065701450234 -4.060670414895886 
-4.572077779265177 -4.010683927499333 
-4.50295129287174 -3.9685512012663056 
-4.425274627042501 -3.9432073612655065 
-4.373226310550493 -3.914894538509974 
-4.29549884826812 -3.920389246433037 
-4.205985865568288 -3.988484039769831 
-4.130172198631598 -3.946502932050521 
-4.077669988007311 -3.9146446651692126 
-4.014276705416151 -3.9546491254588614 
-3.9584474745210385 -3.971346834250842 
-3.922884705606027 -3.9707820423508715 
-3.8788677023183364 -3.941716143985075 
-3.820939288724673 -3.9710552118242264 
-3.7695513136870478 -3.9216678857179623 
-3.7150309224907563 -3.9395051175997917 
-3.6782205122176554 -3.918663026493039 
-3.6260604127234335 -3.9460068492828633 
-3.587224711101803 -3.914324924041287 
-3.5191587626161915 -3.926145834773088 
-3.476873635568363 -3.9459976272848145 
-3.4323992287480256 -3.96796776607362 
-3.388108828674432 -3.9263815123698653 
-3.3453707247375144 -3.9505974326224607 
-3.309896136863692 -3.9371847570760834 
-3.273803095938049 -3.9058373293340405 
-3.243175276654085 -3.9448883116151565 
-3.201236029734361 -3.9276770592631705 
-3.182798424007499 -3.9350630918224843 
-3.1330374092114335 -3.9503507505185054 
-3.1023459104636584 -3.937867192772579 
-3.0711822103351643 -3.9013460053447306 
-3.0362961788478513 -3.8830988609417103 
-2.999182788286953 -3.8893539188497823 
-2.973394194421144 -3.885811287362464 
-2.942229935958624 -3.840135522934219 
-2.9079481505135796 -3.8778284122810796 
-2.880599619473023 -3.8812237469213944 
-2.8645457318848075 -3.865718185955102 
-2.8382172362471407 -3.855226395926897 
-2.8050491223023397 -3.8359159641904985 
-2.783263834112017 -3.8243060801009685 
-2.761182896313148 -3.8131992320233947 
-2.733432408008082 -3.8088482963821586 
-2.7194923744738135 -3.8393181680010473 
-2.69630862408731 -3.830020543118641 
-2.6645131736153154 -3.8397061713617346 
-2.648830515754656 -3.8475790772841556 
-2.624417784704364 -3.803145192398531 
-2.6063864961243834 -3.79867084080346 
-2.5790519057371446 -3.7656980759216987 
-2.5598886237280434 -3.7927707130189505 
-2.531686200881629 -3.788350411773569 
-2.504827537171962 -3.780619639442255 
-2.4879547187801903 -3.7914921994821946 
-2.471093450782714 -3.791010199874987 
-2.4526487585486914 -3.7954939656857496 
-2.436028096716118 -3.8014175106445958 
-2.4145897506349865 -3.7980624730313703 
-2.3900470765174076 -3.7712793486410234 
-2.3752267403881313 -3.7681733936484503 
-2.360354044955203 -3.7796586286507536 
-2.347496890805721 -3.775210756616239 
-2.302951767962436 -3.791425625517264 
-2.2927880328627084 -3.7981891225965527 
-2.2778238249767244 -3.778406748706223 
-2.2578323427799987 -3.7423081871749604 
-2.239912203419581 -3.7435130817157383 
-2.2194839091052603 -3.7519291870733404 
-2.1902404613598514 -3.737336085177946 
-2.168005516400463 -3.7617621950317424 
-2.148083563817003 -3.7398190529019897 
-2.129745162810977 -3.7426002735273025 
-2.1161856909607106 -3.7349653460025065 
-2.098851766032852 -3.7327705004589666 
-2.0850391051985655 -3.712846719875912 
-2.072386224248126 -3.7106519185780913 
-2.0574337923777803 -3.7119824625030824 
-2.038554185713603 -3.7166193382954953 
-2.0202375044610967 -3.7155037019246637 
-2.0064166034066133 -3.7296978871504436 
-1.9882120406590227 -3.712736010135854 
-1.9788295373330156 -3.7050089127532644 
-1.971210306796963 -3.7243612784843867 
-1.9535307290592174 -3.704277907035152 
-1.9440746036809635 -3.684980651954473 
-1.9295334617174085 -3.6826276764784307 
-1.9214825102816013 -3.6864264293192335 
-1.9028870798354125 -3.6990641831039355 
-1.8858950502626237 -3.6993735305352686 
-1.871024268191172 -3.6991130642173333 
-1.860851390482141 -3.6989420830012523 
-1.8414465898646988 -3.693213510435044 
-1.8330439877141478 -3.6768811391470506 
-1.8211750799424562 -3.661938508525171 
-1.8088367300776558 -3.6451621358164967 
-1.8011235339788942 -3.6649045227605264 
-1.7931270827746733 -3.6591479449324336 
-1.785072138108933 -3.64654786555765 
-1.7810803300084377 -3.653815341162128 
-1.7725000067579264 -3.658063422360994 
-1.7640614989576793 -3.6654299079487727 
-1.7518065822455717 -3.651586257412319 
-1.7449260582240569 -3.6638436821828773 
-1.7269602494134848 -3.6585082985193176 
-1.7182926595576289 -3.6503101926330346 
-1.7124281737742326 -3.6556530052668954 
-1.7095711291929099 -3.6337286775061104 
-1.7011220603575659 -3.6163869513738898 
-1.6941862770992067 -3.6112446097214743 
-1.6824469015511483 -3.6197190365646295 
-1.6712624983522486 -3.6145164213587284 
-1.6644622163021205 -3.6016243880001757 
-1.6597203925976585 -3.606285428483718 
-1.6542770866583523 -3.602591824502062 
-1.6453599094009497 -3.595376707500885 
-1.6380757627868172 -3.600023644025933 
-1.6343510216006 -3.603509065478068 
-1.6288273488031144 -3.590984607720243 
-1.6138095316961965 -3.576224245976979 
-1.6096167926713294 -3.572455236252981 
-1.6020317824271535 -3.5732605748326267 
-1.5924008308880113 -3.5642655285402123 
-1.5830481863504249 -3.5654132912881313 
-1.5782241205270586 -3.5645471378993903 
-1.5669485280105346 -3.569896037105225 
-1.5603569226186143 -3.5681450295970287 
-1.5537960075670914 -3.5874807266859214 
-1.546864605755478 -3.5749230824299216 
-1.5370812974171564 -3.576854544879837 
-1.531570827724608 -3.58211799173836 
-1.5265261233864855 -3.5784649471664784 
-1.516663360683363 -3.5657241131304303 
-1.5070406407447001 -3.56604622296971 
-1.5026113064890114 -3.5764637540132242 
-1.500223877835168 -3.5809620586514335 
-1.4925318109685646 -3.578566625731953 
-1.485271324889219 -3.553497400870995 
-1.4768638262545108 -3.55256687993513 
-1.4648954038970208 -3.559013214081893 
-1.45884909016631 -3.5567517714628503 
-1.4547607663297786 -3.5743942763978556 
-1.453035202342931 -3.5748938952067433 
-1.4483298889020673 -3.5649723337965105 
-1.4377486192342483 -3.548630299479943 
-1.4292094954718857 -3.5711988982781984 
-1.425683293120528 -3.5605002022399663 
-1.4223469375103461 -3.5563214164417456 
-1.4193833576115882 -3.5485800461815655 
-1.4173725507300685 -3.539109470593885 
-1.4140467100387772 -3.568397538630097 
-1.4096101610817369 -3.5618980836513865 
-1.4028460728088108 -3.5460914294705597 
-1.3987130092235596 -3.5292953299602297 
-1.3897520548876705 -3.540568118084235 
-1.3857457177707764 -3.536335823392723 
-1.382758522904881 -3.529821522431876 
-1.3745200828048083 -3.5277070506695267 
-1.3717442492868785 -3.5165240026422175 
-1.3660067717924602 -3.5158462026794757 
-1.3581332581908985 -3.5021723691020874 
-1.355730965175926 -3.5029669868257507 
-1.3510582736704573 -3.5085924724415904 
-1.3496152552484575 -3.4939166362995366 
-1.3446958836306175 -3.4950231174373756 
-1.3405125378523275 -3.4881986662595486 
-1.3372034693928243 -3.492868436465771 
-1.3288169076554708 -3.4853630243952254 
-1.325120699306688 -3.4821592697351527 
-1.3221456829252283 -3.4796003224735306 
-1.321919386138781 -3.47185598279699 
-1.3147316184395357 -3.474356272390791 
-1.3062257015345369 -3.4556597663117716 
-1.3016243053276186 -3.454595576139225 
-1.2993126602516878 -3.4538980154267844 
-1.297491332694731 -3.449062766407041 
-1.2881247843482029 -3.466106963780957 
-1.278460755312058 -3.4502638065938696 
-1.2715488614853867 -3.4626497905657154 
-1.267832832120515 -3.4465973918887634 
-1.2657477715612788 -3.456705514133344 
-1.2623923612233185 -3.4602082109765866 
-1.2592195538696558 -3.4660156817956365 
-1.2558747504811043 -3.4626658099041374 
-1.250440316288114 -3.4616162852179704 
-1.246155754324859 -3.4607159989255467 
-1.2446380929506975 -3.4650132393908186 
-1.2424892046259117 -3.462571285722649 
-1.237252509766054 -3.444299694142952 
-1.2302647427415088 -3.447461444057519 
-1.2272468313927511 -3.4475720156421823 
-1.2258136480843473 -3.4527630319032725 
-1.2179720610362141 -3.4568430524444382 
-1.2165822355010019 -3.457635766468185 
-1.2136044973679339 -3.449727793130447 
-1.2058367463557045 -3.4672094944015432 
-1.2046291597032668 -3.463844403607826 
-1.2040443577111137 -3.460032023583885 
-1.1976409542276925 -3.4580961747701933 
-1.1958872712649384 -3.4685195244217306 
-1.1914743825061536 -3.4749024861586553 
-1.1861600466394182 -3.4783429433408153 
-1.1816049965185287 -3.4815632730951362 
-1.180279944941128 -3.4756461658031093 
-1.178747646653258 -3.472521128827453 
-1.1757838617128595 -3.464768222452717 
-1.1734934087548587 -3.4648823498455115 
-1.1696686192493375 -3.457064254819034 
-1.1676027646763663 -3.4581362918520178 
-1.1652445083732714 -3.4584517191022255 
-1.16268250043075 -3.45375798852238 
-1.1613132886162287 -3.463642454174903 
-1.1596261500906437 -3.4612671903286065 
-1.1572663184193326 -3.455789539287315 
-1.1532994685394828 -3.4613542596126687 
-1.1467413264741277 -3.4527846737574435 
-1.1455787536995223 -3.439915625246231 
-1.1445533507439771 -3.439754574337677 
-1.143587756220237 -3.4535555898160752 
-1.1426558841809187 -3.449799432316331 
-1.1383562731959729 -3.4412853358448587 
-1.1355022080462138 -3.4301189686962656 
-1.132703556064735 -3.430042640604334 
-1.1267810851333369 -3.4294544506354185 
-1.124766380458237 -3.4271774815545184 
-1.1198483019010332 -3.4229347515894775 
-1.1172992275481337 -3.4254304583064155 
-1.1154911769100584 -3.4249450831343604 
-1.1129194897781183 -3.4130859910662714 
-1.1110137757544272 -3.4171992859778606 
-1.1071017241515433 -3.411509174689903 
-1.1058609136179076 -3.4138982068934927 
-1.1054222781716014 -3.412080218528062 
-1.1005338844106765 -3.4036881757243616 
-1.0940363232879662 -3.3942689574002944 
-1.0884959785962254 -3.4029856849558784 
-1.0881805417598933 -3.398966962865733 
-1.0855825236827197 -3.3909559704344514 
-1.0781548605254974 -3.3817266359377394 
-1.0757680182814437 -3.373013049228356 
-1.0726041608803034 -3.3807063564569604 
-1.0686395113610525 -3.385689915474533 
-1.0629704242110731 -3.3803633341314603 
-1.0579496998260431 -3.3748597786961696 
-1.0550015274728577 -3.3786173306406604 
-1.0530356713635243 -3.375563841548719 
-1.0502756967146667 -3.3824197300060765 
-1.048138127379949 -3.383299683035615 
-1.0457093192876037 -3.3797627759575115 
-1.0430910776283169 -3.3737451942387544 
-1.0377958472043098 -3.3693350335078063 
-1.0246081061461068 -3.3748288992747875 
-1.0226965216988841 -3.378170884505423 
-1.0214747537014888 -3.3842047863133966 
-1.0207703250179798 -3.3819030884537695 
-1.0200760918609812 -3.382838966841646 
-1.018567735763638 -3.377319624271534 
-1.017591077120717 -3.3652421135389727 
-1.01658811361232 -3.3654429378156423 
-1.014375555188641 -3.355573917652825 
-1.0119164473118771 -3.3528397538031687 
-1.0109705405249578 -3.344173045437473 
-1.0107199192692882 -3.3472266584789283 
-1.0088818163235622 -3.3391146588354625 
-1.0072247413705835 -3.3329095426675996 
-1.0058254842159633 -3.326468878592284 
-1.0051980274676497 -3.3218752497558794 
-1.0044427400907572 -3.3361311822868305 
-1.0007430973820772 -3.341232806989551 
-0.9978194031791457 -3.34892152444371 
-0.9959876380949263 -3.362022180695483 
-0.9933728438885088 -3.3396043355317473 
-0.9914487102324958 -3.3326212431050735 
-0.9902931951332885 -3.3120120721130406 
-0.9891590161491888 -3.304795595474993 
-0.9862958427118277 -3.305399155303451 
-0.9847542044411765 -3.2935806239978085 
-0.9831972707813578 -3.3068499800894022 
-0.9814269218641797 -3.2992637360911434 
-0.9798185943561459 -3.298538001302303 
-0.97894226642629 -3.2983109527184826 
-0.9777560596271636 -3.2989505797229497 
-0.976587002878342 -3.294024575187826 
-0.9754453017241037 -3.3066667890729287 
-0.9735788897974953 -3.2991627421377836 
-0.9732648985509742 -3.303039186034988 
-0.9722547350521591 -3.2927944754016045 
-0.9705163894764 -3.285238409785744 
-0.9698496679980811 -3.276877453903647 
-0.966892345318409 -3.2738800359223053 
-0.9659097190642941 -3.28511759622481 
-0.9637984001216681 -3.2853823122901518 
-0.9626013421835642 -3.2887499469989563 
-0.9619453137524323 -3.289794874478553 
-0.9611797053056911 -3.290039370422113 
-0.960118719974924 -3.298397465634595 
-0.9536325481152121 -3.289049551911291 
-0.9500311292671118 -3.2856320443859577 
-0.9488232020687408 -3.268229070302983 
-0.9447854721057388 -3.270251212195656 
-0.9440174709627713 -3.265690263202761 
-0.940284516883195 -3.280053613744985 
-0.9384984738898318 -3.2834679023155697 
-0.9355864378843272 -3.2803988551297296 
-0.9348803189177874 -3.2787549804025806 
-0.9287981275303931 -3.285120754334384 
-0.9286211991770464 -3.2852229930135834 
-0.9264630232745011 -3.2834136315908817 
-0.9244867874648295 -3.260766375638352 
-0.9236293970587791 -3.2658546641905897 
-0.9229903898434477 -3.2738004124770916 
-0.9221529752976223 -3.278789936857438 
-0.9197795831951178 -3.260222342533204 
-0.9195081212268761 -3.2596492904674874 
-0.9180122787242321 -3.261438344978102 
-0.9175830628709994 -3.2573358945547715 
-0.9157381396532059 -3.267125808447004 
-0.9141326999538969 -3.2668407539718802 
-0.9115168138381132 -3.260479623002544 
-0.9110637985881181 -3.257573316615114 
-0.9099393916225633 -3.2463037411259315 
-0.9088212317839662 -3.2585928223308156 
-0.9087108382309499 -3.253271136070346 
-0.9079923703409535 -3.254640244418124 
-0.9042406483337194 -3.2501723618156646 
-0.9036968404364464 -3.25404756413925 
-0.901496148225102 -3.2456226337575145 
-0.9002808356902529 -3.249849055902218 
-0.90021019925598 -3.250392387202553 
-0.8997052164152642 -3.2439896732355757 
-0.8978476889924019 -3.2404786497941442 
-0.8975533095910015 -3.2344873160705396 
-0.8975350249836759 -3.237821160112095 
-0.8958479273083059 -3.2374141105446643 
-0.8923340466700684 -3.237216889920591 
-0.8899090294732176 -3.232839145396218 
-0.889142388468808 -3.2150713546805227 
-0.8849608048308237 -3.2254640409183026 
-0.8844801243368423 -3.231574587801043 
-0.882714079527007 -3.2296802296570237 
-0.8818970719060767 -3.22429949738184 
-0.8810537928691426 -3.2282767376304267 
-0.8801523302439114 -3.2192268136086106 
-0.879401091957228 -3.2212408729010424 
-0.8782254520792683 -3.2282392040927586 
-0.8773355116574715 -3.2205954344652894 
-0.8769900010144861 -3.214461173512554 
-0.8768346877196298 -3.225672617243477 
-0.8765716078949758 -3.2310956064283665 
-0.8749689191092186 -3.232333448842348 
-0.8721486737008454 -3.226508486454607 
-0.868875517379199 -3.2150614541703377 
-0.8680265275352002 -3.213460236823239 
-0.8672077500635624 -3.218253214941584 
-0.8658437526099834 -3.2249408489950877 
-0.865482662479196 -3.2277574870690597 
-0.8652271806495876 -3.2214843979689056 
-0.8639384953835555 -3.2155542388043217 
-0.8628409353923673 -3.221878870054139 
-0.8621345519353695 -3.2147794825356253 
-0.8609060626240201 -3.2043818348824606 
-0.8607772370847953 -3.207723513993713 
-0.8601923706784893 -3.199901511459849 
-0.8577578254368002 -3.196804672011621 
-0.8570593655385512 -3.188205885647244 
-0.8568333169420999 -3.1874770603358833 
-0.8545509995487345 -3.190570602726231 
-0.8540617791483353 -3.1994877904828427 
-0.8538521870804147 -3.195712700896758 
-0.8535723780599894 -3.1944759840233967 
-0.8531125126858878 -3.1846580642085476 
-0.852505884692592 -3.1767506402739736 
-0.8519556929638196 -3.1759626916506636 
-0.8504496000555736 -3.1828411826553094 
-0.8495197465834774 -3.179941252596509 
-0.8478008988569175 -3.1832243591301834 
-0.8457406490979955 -3.1906993542619038 
-0.8447965814784267 -3.1924168348903232 
-0.844319594841554 -3.192392648410142 
-0.8438839908129407 -3.192825596709926 
-0.8438716117828119 -3.1896484870753 
-0.843496012280708 -3.1949531246401497 
-0.8433638830874265 -3.1931927850234803 
-0.8411195535465706 -3.192115705883029 
-0.8381239046659805 -3.1936961919897255 
-0.8376625771022999 -3.1902969119243805 
-0.8364529171395215 -3.1828575780883033 
-0.8363774660348617 -3.1918355219938053 
-0.8337248839756172 -3.192061628385848 
-0.8329317937412624 -3.1978881951344555 
-0.8308909012738491 -3.20214225831234 
-0.8286219720447714 -3.2066213892922257 
-0.8261016081042801 -3.2045178746729563 
-0.8257284010633779 -3.2139029898105402 
-0.8250731362044903 -3.216396745982346 
-0.8248004621132243 -3.213505295876993 
-0.8242690022706187 -3.215080156986095 
-0.8208667587941312 -3.212806604163156 
-0.820128867021575 -3.2124338832267743 
-0.8199745559387364 -3.2140804428344203 
-0.8196689141575471 -3.2185741390387443 
-0.8192005498858932 -3.224786705886727 
-0.8187477024556357 -3.2257041362895142 
-0.8181055703705117 -3.23194319574525 
-0.8168334462506706 -3.2332494042094235 
-0.8147328131056214 -3.2361917023465123 
-0.8134801655968489 -3.235922589483095 
-0.8129883931713582 -3.2335359296582222 
-0.811685549265023 -3.2395807703111443 
-0.8115059833362873 -3.2401007644812676 
-0.8113801951108169 -3.2434338348537084 
-0.806612808826049 -3.2444758807796212 
-0.805112730367476 -3.2444860779437663 
-0.805112730367476 -3.2444860779437663 
-0.8035144413733445 -3.243140247115852 
-0.7986287919593301 -3.24859711082007 
-0.7970599082699522 -3.2416022334919137 
-0.7932874156976487 -3.2335338363946065 
-0.7931002217355757 -3.236272156907253 
-0.7927965338402747 -3.2371709861935662 
-0.7919945618122176 -3.2334584380324642 
-0.7902625144864781 -3.2262841131620412 
-0.789554383354174 -3.2290415234661687 
-0.7889321507276574 -3.2401804303590076 
-0.7875088901004167 -3.2301929838105594 
-0.7867974584582094 -3.225128775134635 
-0.7843633485211808 -3.225375086118698 
-0.7841219635636416 -3.2268465199359495 
-0.7835343893439697 -3.2200841015423434 
-0.781534211632053 -3.2205754985798882 
-0.780948012152676 -3.2226996667068377 
-0.7804565370078528 -3.2284362514679885 
-0.7797052454592993 -3.2200965557609407 
-0.7792719297096724 -3.2098688714149124 
-0.7785374253449089 -3.207963621057599 
-0.776814617469213 -3.210926611826967 
-0.7756998409570149 -3.2061724613412346 
-0.775669355011036 -3.2091541493089775 
-0.775669355011036 -3.2091541493089775 
-0.7754925592374435 -3.197128846865373 
-0.774076328486131 -3.19489071904837 
-0.7732571663120177 -3.198453313422655 
-0.7726069213804893 -3.19487739101127 
-0.7721125248536693 -3.1963226413800516 
-0.7718162342504987 -3.193653032909374 
-0.7713413963032659 -3.1885815864618845 
-0.7702366355555401 -3.1823857005206997 
-0.769320036487534 -3.1877453142157077 
-0.7684895378835983 -3.1806470577257118 
-0.7678980394475615 -3.1778274262060098 
-0.7673406530601722 -3.1830299308187926 
-0.7669905384499456 -3.1872860787887625 
-0.7669905384499456 -3.1872860787887625 
-0.7661105610570301 -3.1820370336628683 
-0.7650221861462962 -3.1843100609580772 
-0.7647477637909442 -3.1859896716094456 
-0.7644785473087904 -3.1861336579396635 
-0.7638428660744824 -3.1873065150917514 
-0.7636693904911708 -3.181717433043574 
-0.7623406437445649 -3.175741409645 
-0.7617739565695093 -3.1776857467556705 
-0.7616950825848517 -3.177532066447916 
-0.7610400083745821 -3.1787680750245384 
-0.7604811719896418 -3.1754581267084236 
-0.7603391697527919 -3.177324787710413 
-0.7600341855330047 -3.1865777325488005 
-0.7591692892939792 -3.179741306051364 
-0.7582652246104722 -3.1732096002413748 
-0.7581288107939762 -3.1685798150054865 
-0.7551337390651925 -3.168116612928422 
-0.7532647907075778 -3.161659138180407 
-0.7530128410313458 -3.1602029345135465 
-0.7524795583556421 -3.15531096556106 
-0.7503496621478634 -3.159905268239136 
-0.7474084562335419 -3.155015929040893 
-0.7470948288144662 -3.1532793244248745 
-0.7465037251555763 -3.140161964649949 
-0.7458403708330393 -3.1382084099208716 
-0.7446097899080198 -3.136488676744244 
-0.7436903696895314 -3.136304557462665 
-0.7425752495957706 -3.1393473794184032 
-0.7422385409389464 -3.136402183659288 
-0.7416063843880999 -3.1374583584076694 
-0.7409616177213021 -3.1470405038336535 
-0.7403639936672388 -3.1507765328149917 
-0.7403639936672388 -3.1507765328149917 
-0.7402708999492899 -3.1508184677331914 
-0.7401181376517664 -3.146590289931292 
-0.7382502491209227 -3.147176573992521 
-0.7381065221403793 -3.1539259061096607 
-0.7375198272835009 -3.1575341395870087 
-0.7356756750806487 -3.150171199948774 
-0.7353561715723244 -3.148025364416567 
-0.7351641174051017 -3.1469113910099327 
-0.7337493202223448 -3.1466864499283678 
-0.7328853335502326 -3.1448141744798366 
-0.7328853335502326 -3.1448141744798366 
-0.7316882965830438 -3.148993754641119 
-0.7316882965830438 -3.148993754641119 
-0.7314874531119671 -3.1470446217647723 
-0.7308173938520649 -3.1437628249335754 
-0.7307776590982408 -3.146962224444655 
-0.7305108580404168 -3.153952306547783 
-0.7305108580404168 -3.153952306547783 
-0.7285497986345455 -3.159381836193177 
-0.7284879242835192 -3.1511004593640495 
-0.7275709536412651 -3.1409406751566546 
-0.7256443818548648 -3.1461965507627765 
-0.7254644136994433 -3.147947062654992 
-0.7254644136994433 -3.147947062654992 
-0.7249757822940414 -3.1408486582959974 
-0.7230770707353998 -3.141008845053684 
-0.7221290586944966 -3.1450881144277374 
-0.7217003432114338 -3.133255384012563 
-0.7192862791895172 -3.132247529491107 
-0.7192862791895172 -3.132247529491107 
-0.7183950126482811 -3.1376480512394695 
-0.7169609336174251 -3.1477752129391656 
-0.7160890511699264 -3.1396992268096096 
-0.7131451640144596 -3.1234886494146923 
-0.7128788583448387 -3.122411060535193 
-0.7126245754137689 -3.1172002914285697 
-0.7111069332186287 -3.1167308317105356 
-0.7104708037236028 -3.1154885521120974 
-0.7100516934073199 -3.1135832800076577 
-0.7085407208326945 -3.1189838094409836 
-0.707424696631518 -3.116477223671127 
-0.707304915630662 -3.1155422746371895 
-0.7062761423933571 -3.115339307913878 
-0.7043496583194025 -3.1110802176381958 
-0.7041776196318409 -3.1083037066608923 
-0.7039071649076823 -3.100042897914096 
-0.7035307297486385 -3.099994476273446 
-0.7034577323856682 -3.098730115976475 
-0.7029514370680521 -3.0998814471584857 
-0.7022995401925746 -3.1021300266434912 
-0.700913284129407 -3.1027695207303423 
-0.7005250279427913 -3.094218699796296 
-0.7004966457988495 -3.0982936374421075 
-0.7003038789876813 -3.0997180691065442 
-0.6995910926238542 -3.0968003844357552 
-0.6989077145521204 -3.1029094841861005 
-0.6988049659040289 -3.1025876888630783 
-0.6985829426451832 -3.1031477850344347 
-0.6983076580589376 -3.108094100839081 
-0.6979210690744198 -3.0967637404646653 
-0.6974252731423808 -3.0985699968560176 
-0.6970461892678194 -3.095960858053216 
-0.6967892273367261 -3.097839026130185 
-0.696673234876236 -3.097799633930606 
-0.6950061502750138 -3.109479022414735 
-0.6948614091513439 -3.1161755763708503 
-0.690878126219676 -3.11701630211451 
-0.6901175674502412 -3.112115239375075 
-0.6893945180159378 -3.112100057155953 
-0.6891090642040745 -3.110795528342099 
-0.6886441308764486 -3.1082087730640975 
-0.6886441308764486 -3.1082087730640975 
-0.6886441308764486 -3.1082087730640975 
-0.687607762753958 -3.102793834399887 
-0.6871560278713762 -3.102316384895091 
-0.6866080926654493 -3.1094720031486025 
-0.6843787683149929 -3.0988476558676363 
-0.6831045291778315 -3.103543947387586 
-0.6819699852193764 -3.107522053901585 
-0.681324310032281 -3.10365623578796 
-0.6810083302975333 -3.102862528365674 
-0.6809415443065627 -3.1020222594459828 
-0.6809415443065627 -3.1020222594459828 
-0.6798400508915421 -3.1145821163088585 
-0.6797604258119171 -3.111252333995698 
-0.6791692562738105 -3.1109206815387376 
-0.6789023893967788 -3.1058474182045948 
-0.6782362114079311 -3.107725054585136 
-0.6779675278480416 -3.1129219519986284 
-0.6773246776241094 -3.108598404204087 
-0.6762854066512525 -3.09745601888936 
-0.6761503299440788 -3.0965407574271135 
-0.6760413209317143 -3.0973867585883026 
-0.6747043261155452 -3.1012807006853436 
-0.6712618102949346 -3.0905110057306464 
-0.6702177260195984 -3.103395898007298 
-0.670158447791306 -3.105145342667079 
-0.6697067844169091 -3.1084980369461594 
-0.6686282491476115 -3.105019291758621 
-0.6684240235883578 -3.1027853074112066 
-0.6682544726788492 -3.1034621497245864 
-0.668123706254168 -3.1082010071572506 
-0.6679852340278344 -3.1108188442774094 
-0.6677428581469685 -3.112730837969342 
-0.6667647968653156 -3.116310108504172 
-0.6654903886192238 -3.1137490644922425 
-0.6653815016849881 -3.115923088764149 
-0.6653815016849881 -3.115923088764149 
-0.6651322024274348 -3.113613984687854 
-0.6627957909951262 -3.1069590858636285 
-0.6626069708312133 -3.1088351742515323 
-0.6625051442364064 -3.1057161011416055 
-0.6622548504003394 -3.105544402037952 
-0.6619949851032106 -3.103637463675112 
-0.6618828702976498 -3.109816569408447 
-0.6617746451894246 -3.109789995834919 
-0.6594327688382864 -3.1051923840120534 
-0.6583693395593355 -3.0931791135778743 
-0.6583083676673777 -3.0936962414127445 
-0.6582239543995319 -3.0946253029169313 
-0.6573522337571214 -3.0820746135349806 
-0.6573522337571214 -3.0820746135349806 
-0.6573010346733756 -3.0833402232866747 
-0.6567276034198297 -3.08431770185186 
-0.6565810167047862 -3.082798305315042 
-0.6561952903337783 -3.082602001338872 
-0.6558817034370651 -3.0851548387638257 
-0.6552463928596454 -3.0779974458750723 
-0.6547608181676932 -3.080600246130863 
-0.6544079164100873 -3.080605993906997 
-0.654171385777454 -3.081692080364318 
-0.6519875661383205 -3.0709219906723133 
-0.6493999449222354 -3.0739319141863417 
-0.648789631808226 -3.0728388170281913 
-0.648330027217217 -3.079071375690847 
-0.6476162976859489 -3.0798345332456 
-0.6467682427387154 -3.0712375145066275 
-0.6467245626950354 -3.073975159050001 
-0.6457391882678042 -3.074268273687747 
-0.6451726792781721 -3.0752274956606485 
-0.6444504985781646 -3.0822503702924036 
-0.6440111729474363 -3.075552226407173 
-0.6437872139954518 -3.073176294120442 
-0.6424202014317164 -3.07151002561068 
-0.641509688714223 -3.063243258229328 
-0.6407956034654061 -3.0585494019374138 
-0.6403635654057316 -3.0483988071435495 
-0.640181708096131 -3.0485776465641177 
-0.6398502661765024 -3.0526930479590964 
-0.6395700699547391 -3.0457250100507576 
-0.6390262498076412 -3.0438043714422003 
-0.6387921776512712 -3.044629210081408 
-0.6387516580380123 -3.043666777208625 
-0.6384874918913171 -3.045033553930422 
-0.6376829979851042 -3.0372035581575694 
-0.6376650682152896 -3.0355514498357805 
-0.6376650682152896 -3.0355514498357805 
-0.6375094281301512 -3.0327948591339817 
-0.6371473539615871 -3.0373074354397276 
-0.6361622810149498 -3.0388353308713527 
-0.6356896436613941 -3.032552708345918 
-0.6356896436613941 -3.032552708345918 
-0.6356227050077143 -3.027682116328669 
-0.6342518226146039 -3.0205663956401807 
-0.6333213996366429 -3.0158088291432508 
-0.633153026573656 -3.014395220612561 
-0.6326475310812295 -3.0205498840595193 
-0.6314022227747795 -3.0174961229860404 
-0.6300677627987664 -3.018540297809208 
-0.6295505448188944 -3.013167040451891 
-0.62868426100411 -3.011521703357329 
-0.628331355373632 -3.0044351624777095 
-0.6281843928960233 -3.0049367025567753 
-0.628047705499915 -3.006559235996842 
-0.6276787058292467 -3.006198190286056 
-0.6275288895203153 -3.0055011852846705 
-0.626971208302088 -3.0103105300078785 
-0.6268410732425247 -3.006073423705602 
-0.6263608896226434 -3.0020441992851246 
-0.6260390502100086 -3.009883562359246 
-0.6256227550347935 -3.0100359966131447 
-0.6254986539727636 -3.0104096267148384 
-0.6250850592006234 -3.009217569069148 
-0.624805537289225 -3.013530598363263 
-0.624468749926967 -3.017552102992104 
-0.6234879925181384 -3.0243054270586556 
-0.6230301561533511 -3.0180280034541433 
-0.6225398659851809 -3.0070422148908906 
-0.6212337428169095 -3.009905182641133 
-0.6204762770922302 -3.0118463000604665 
-0.6204762770922302 -3.0118463000604665 
-0.6202566063392522 -3.0143316491349266 
-0.619933204236478 -3.0166873924055015 
-0.6198668774943648 -3.0152630106366987 
-0.6198207058585928 -3.0119883992676426 
-0.6172334922864211 -3.014450936752554 
-0.6168746454250345 -3.015474607214794 
-0.6168746454250345 -3.015474607214794 
-0.6164272996243301 -3.018923896415657 
-0.6153917633365852 -3.0195105559687114 
-0.6148431959422805 -3.0250236900521443 
-0.6146338579053432 -3.024750539289742 
-0.6146338579053432 -3.024750539289742 
-0.6134560153722564 -3.0277229375286496 
-0.6124676363157082 -3.0184952822233884 
-0.6117039124559692 -3.0244134391788795 
-0.6113428482566899 -3.0230432826459825 
-0.6111125310251637 -3.011073996901336 
-0.6107027223751177 -3.0125701157165885 
-0.6095632014462019 -3.004272478153652 
-0.609187640574568 -3.005308700286587 
-0.6086764979069749 -2.9998531510338644 
-0.6083138176697835 -3.001223157372 
-0.60791414026597 -3.0002367697727474 
-0.6077786055974626 -2.9990355911571105 
-0.6077786055974626 -2.9990355911571105 
-0.6061958353571337 -3.001080475244372 
-0.605687009193625 -2.9920202282850186 
-0.6051812956330493 -2.9930465750696635 
-0.6047947642355456 -2.9976941670624013 
-0.6043776573673696 -2.9968578844277443 
-0.6036224322199658 -2.9909778053766014 
-0.6034430807606914 -2.9924474711713924 
-0.6031369331083595 -2.9886724678861993 
-0.6026760347481892 -2.9875000677004664 
-0.6020640374795065 -3.0029668783109678 
-0.6018892382179192 -3.0048130756071902 
-0.6014361858678813 -3.0049789460297514 
-0.6011820309203305 -2.9991380660405604 
-0.6005404580208263 -2.998795456618924 
-0.6000780135951974 -3.0023777097753457 
-0.5983802115171044 -2.9998969028107565 
-0.5982360238633752 -2.995045704076835 
-0.5967013150015957 -2.9882323024058235 
-0.5967013150015957 -2.9882323024058235 
-0.5967013150015957 -2.9882323024058235 
-0.5965228101130314 -2.9892367783544267 
-0.5961296727612722 -2.9909740989194926 
-0.5945877467709129 -2.9873257261634736 
-0.5940587162235805 -2.96856519954467 
-0.5937947358198726 -2.9643059512361436 
-0.5936204268897219 -2.9627978245385935 
-0.5936204268897219 -2.9627978245385935 
-0.5922578167201529 -2.968766695054871 
-0.5921253512667368 -2.9671556363225435 
-0.5917358563584642 -2.976355846622764 
-0.5912710830269085 -2.9545069187559503 
-0.5910939340692717 -2.9549662022741847 
-0.5908484915284145 -2.955354355400979 
-0.5902424599776357 -2.953988474398627 
-0.5894427014548204 -2.9604393229832113 
-0.5888362996114932 -2.960336321350799 
-0.5886163134129045 -2.9695284563617554 
-0.5885128762153561 -2.9646810290178998 
-0.5883047486905474 -2.9648527684933077 
-0.5880995437969653 -2.95473037818702 
-0.5880995437969653 -2.95473037818702 
-0.5880995437969653 -2.95473037818702 
-0.5877988538698662 -2.9539128753420454 
-0.5873317314149467 -2.950476926819961 
-0.5873300808171626 -2.951547738895682 
-0.5870512118961176 -2.950303195082371 
-0.5866419224322076 -2.949137038948197 
-0.5839626533511589 -2.9498579410872323 
-0.5837629532010604 -2.9485413646278036 
-0.5836013083025735 -2.9482204158845837 
-0.5827219095877313 -2.9527658326618584 
-0.5821839923272584 -2.950675985376837 
-0.5821477446833553 -2.9503924528373378 
-0.5814920343795968 -2.962028007249421 
-0.5813339049303401 -2.958915376089386 
-0.5795873614818834 -2.9510934203519277 
-0.5794798435011083 -2.9596502725090597 
-0.5780563589705912 -2.9589787917284136 
-0.5776064399579054 -2.953226057693011 
-0.577162985335427 -2.9484745415750133 
-0.5763950373067288 -2.953185691801987 
-0.5760602820825855 -2.9646991388837467 
-0.5755152990714031 -2.9616837595817715 
-0.575274639996885 -2.9637115555493865 
-0.5751977385256356 -2.9616658202095056 
-0.5751153666078206 -2.9614581895866166 
-0.5750797474126363 -2.958590177205924 
-0.5739824904460133 -2.954209088239548 
-0.573581829801989 -2.9550874575913344 
-0.5734579201765572 -2.9561155185542995 
-0.5733574655674955 -2.9593454887264006 
-0.5725662240109707 -2.953343720919306 
-0.5723334749830884 -2.9568936144460154 
-0.5722238050779043 -2.960680153770771 
-0.57167902185466 -2.9653387231123527 
-0.5714462748888757 -2.970011521078107 
-0.5713504658499772 -2.96271158362946 
-0.5710901932955905 -2.963394115931848 
-0.5699238459438704 -2.955535598011321 
-0.5697711905492486 -2.9520540605977663 
-0.5691671434335736 -2.9512230601488225 
-0.5685824202857287 -2.955561834499286 
-0.5678327733391418 -2.960499100988845 
-0.5671935678182695 -2.955895133287676 
-0.567074404988226 -2.9529070327695095 
-0.5670102696303257 -2.953761619550176 
-0.5667984747594413 -2.9622422229365593 
-0.56638295620489 -2.9606934446296638 
-0.5657597225896035 -2.960218938322643 
-0.5653105778137266 -2.965189421149937 
-0.5649630549160336 -2.9568211353767406 
-0.5647772285146689 -2.957725686472165 
-0.5644847646481079 -2.955312398979334 
-0.5644847646481079 -2.955312398979334 
-0.5641295711018677 -2.956692657648432 
-0.5637878372619571 -2.953879876491258 
-0.5634605658049217 -2.9561932091842253 
-0.5626878254196228 -2.955057178966457 
-0.5626571519230098 -2.9558902458044867 
-0.5622919572550378 -2.947282612876641 
-0.5622919572550378 -2.947282612876641 
-0.5620266922170455 -2.9543402963800287 
-0.5613123841924994 -2.957455552372611 
-0.5611284044547584 -2.9575252898185926 
-0.5608971233516318 -2.9627826750342687 
-0.5606162456037675 -2.9518216314451373 
-0.5602035531338055 -2.9471383789586145 
-0.5601590291398252 -2.9475697864651793 
-0.5600285630759183 -2.9457231898996987 
-0.5594793420815791 -2.9467987417618926 
-0.5593892125745402 -2.9487453822243697 
-0.5593892125745402 -2.9487453822243697 
-0.559291001642794 -2.9523183198868 
-0.5589387794080618 -2.95325657044033 
-0.5589387794080618 -2.95325657044033 
-0.5586132510482473 -2.952407151176849 
-0.5582469149729853 -2.9499533795094566 
-0.5582077974639883 -2.949710860570356 
-0.5580139237822737 -2.9459436338008276 
-0.557970459883388 -2.9465560983469286 
-0.557796606142416 -2.939302282637151 
-0.5574937102949491 -2.939915389612218 
-0.5574937102949491 -2.939915389612218 
-0.5572488193071341 -2.9537907815163225 
-0.5572084556304068 -2.9529490777718106 
-0.5570851082588457 -2.9489154825000283 
-0.5559138315090106 -2.938347096993132 
-0.5555723007272779 -2.9349848055507994 
-0.555385582535974 -2.9356498638481017 
-0.5551188961809019 -2.9406012814339655 
-0.5547962710335502 -2.9378842753539174 
-0.5545083538252268 -2.9373958686951953 
-0.5545083538252268 -2.9373958686951953 
-0.5545083538252268 -2.9373958686951953 
-0.5537920478370046 -2.940272166516845 
-0.5536094397937711 -2.9372588271481574 
-0.5535288043515559 -2.941497434755725 
-0.5533486630195803 -2.943209869262567 
-0.5526175044931894 -2.9366260117071636 
-0.5524541485231304 -2.94059605890193 
-0.5512545364360214 -2.936387388928425 
-0.5512320980574187 -2.9365320559670325 
-0.5507678698033879 -2.938084242357143 
-0.550714830700577 -2.941009632133795 
-0.550714830700577 -2.941009632133795 
-0.550714830700577 -2.941009632133795 
-0.5506253691334626 -2.942472774037394 
-0.5502542021704553 -2.9551441240366088 
-0.549538456697177 -2.9553301645730707 
-0.5480152033495285 -2.9476713573318643 
-0.5477162846339417 -2.9390051543298825 
-0.5476431300946946 -2.9364018425263994 
-0.5476431300946946 -2.9364018425263994 
-0.5474524619992437 -2.937052710360423 
-0.5469433177382778 -2.937031508676664 
-0.5469433177382778 -2.937031508676664 
-0.5468908492975829 -2.932400988100919 
-0.5468539532075443 -2.934116207881485 
-0.546566740245681 -2.9285666973039817 
-0.5465408490714644 -2.9320037496010496 
-0.5465080890387044 -2.9322310250592065 
-0.5462823514595877 -2.9325605680499764 
-0.5461580584453847 -2.932620274236354 
-0.5461017387139813 -2.930733164558884 
-0.5426017697577243 -2.9344077979261365 
-0.5425160042978283 -2.934917037283387 
-0.5425160042978283 -2.934917037283387 
-0.5424103909289485 -2.941203017774268 
-0.5419619359961895 -2.9367189131484706 
-0.5408771413596843 -2.9390756131617257 
-0.5406641575280143 -2.9376775539254285 
-0.5402967501968527 -2.934541776170716 
-0.5402247109801358 -2.932366853828361 
-0.539189342588234 -2.9297821764043332 
-0.538682940674133 -2.925390974003564 
-0.5380059959140459 -2.9219343787130687 
-0.5379106376578525 -2.924289094756152 
-0.5373548009476126 -2.922788061599581 
-0.5371775228715783 -2.9196919451719126 
-0.5370520380066458 -2.9165935759604267 
-0.5369422716799023 -2.91194107406627 
-0.5368537148790167 -2.915404320270731 
-0.5365741870820638 -2.9091880389531695 
-0.5363994872939012 -2.907948535676096 
-0.5361652034585768 -2.9113180709736115 
-0.5360110655833236 -2.9082408242925766 
-0.5359474395703305 -2.907145559214066 
-0.5359474395703305 -2.907145559214066 
-0.5353685248462561 -2.899410485598278 
-0.5350813766366252 -2.9033920823320107 
-0.5312679682738172 -2.8984720546200546 
-0.5306404340319658 -2.8984485900181154 
-0.5304454206195816 -2.8914213201576717 
-0.5304454206195816 -2.8914213201576717 
-0.5302348677220456 -2.8972933415940276 
-0.5299607160840107 -2.895047804519302 
-0.5297260745574999 -2.9028531860971993 
-0.5297145961369306 -2.9016371665914678 
-0.5295066275480138 -2.9010860830836998 
-0.5291590195945768 -2.9000585683307514 
-0.528803467277565 -2.893080531143056 
-0.5285820579638549 -2.888914895832554 
-0.5285820579638549 -2.888914895832554 
-0.526907795599662 -2.894546278784972 
-0.526880495572362 -2.8921943020148233 
-0.5268006207869333 -2.894690067898357 
-0.5266215123375818 -2.893008658392989 
-0.5265563818591734 -2.896561436542179 
-0.5265290818318734 -2.8943946606207556 
-0.525806375828294 -2.8958851356644266 
-0.5256417761228157 -2.8837613549012864 
-0.5238352941216255 -2.8837332760738996 
-0.5233658771072448 -2.8819920254028024 
-0.5233281171687055 -2.889079836574156 
-0.5231533083794102 -2.886738645297407 
-0.5229186709288157 -2.879545476330014 
-0.5228394869704661 -2.8767725445367396 
-0.522570984677211 -2.873692751039264 
-0.522570984677211 -2.873692751039264 
-0.5223788523169137 -2.8783842707143297 
-0.5222339724510171 -2.877149642641864 
-0.5220619019850222 -2.8797936299454183 
-0.5219256819214685 -2.875696805181866 
-0.521325176422123 -2.8850117315247794 
-0.5208597571524094 -2.8867101559996384 
-0.5203428857485919 -2.885625515584349 
-0.5203428857485919 -2.885625515584349 
-0.5202530791701958 -2.8850339240264757 
-0.5195922395357797 -2.877490862502532 
-0.519307006174053 -2.870464286842275 
-0.5171496922893566 -2.866802556057533 
-0.5171496922893566 -2.866802556057533 
-0.516612046155279 -2.865342155613274 
-0.5162794868402534 -2.869100696663124 
-0.5159556184958006 -2.88045758487887 
-0.515709638808645 -2.8751302132736907 
-0.515709638808645 -2.8751302132736907 
-0.515709638808645 -2.8751302132736907 
-0.5154614121980248 -2.8762599250271066 
-0.5145542639911479 -2.882661854771658 
-0.5140124048771941 -2.8883031722506094 
-0.5128244479226078 -2.8879470335830377 
-0.5123951970257717 -2.8849817479737547 
-0.5121782253227749 -2.8785728003675968 
-0.5118869126856235 -2.8778770381318455 
-0.5118869126856235 -2.8778770381318455 
-0.5115607990277937 -2.8744125967322915 
-0.5114892913805575 -2.874813743364452 
-0.5112039862352062 -2.8720933494475753 
-0.5111276612851712 -2.8669653996290174 
-0.5111276612851712 -2.8669653996290174 
-0.5110052557392377 -2.8679329139763663 
-0.5106472670841491 -2.8700779741018145 
-0.5106472670841491 -2.8700779741018145 
-0.510493262026143 -2.8686224384921575 
-0.5102908340216357 -2.870386202043984 
-0.5102271543558264 -2.8637009560003057 
-0.5100752103302546 -2.86689208051701 
-0.509717470777007 -2.8727737926144052 
-0.5093858392784129 -2.8715692673438546 
-0.5091682638649472 -2.875258170517497 
-0.5090255233513056 -2.87746374637368 
-0.5088969007937164 -2.874899060256021 
-0.5087344834368954 -2.8742243600292783 
-0.5079164719513617 -2.8784509839632824 
-0.5075463912359113 -2.883932627053582 
-0.5072649632962565 -2.887845342132485 
-0.5072649632962565 -2.887845342132485 
-0.5070295337185078 -2.882397342801408 
