-9.141627938496999 -4.509866547312458 
-8.408673423314267 -4.427066088400733 
-8.050869881467618 -4.466192188189227 
-7.8109600848030345 -4.574121214039165 
-7.53045413358722 -4.424448097812652 
-7.300214512403249 -4.385856918040077 
-7.139175815306979 -4.356499349054668 
-6.95709898352205 -4.302972272177586 
-6.78909965094378 -4.324957868331252 
-6.589083435481794 -4.319763683458236 
-6.413558779974707 -4.288407300998369 
-6.210295218821335 -4.239510610178765 
-6.035253291081465 -4.235292852708208 
-5.90796176726178 -4.287502071760503 
-5.786505666195188 -4.2288334516638475 
-5.6583783779677 -4.157341822238471 
-5.515984236840521 -4.155033676440589 
-5.432134469915486 -4.107540154500568 
-5.329948591801158 -4.108193515386243 
-5.200692383581606 -4.107050865217074 
-5.081830944866363 -4.109027431884915 
-5.014078888769502 -4.205451242795614 
-4.926124802522793 -4.114488144629819 
-4.8393800422320705 -4.134615182707419 
-4.751485921410727 -4.110398207491512 
-4.649274888949565 -4.098742549374165 
-4.566643512880995 -4.074397732310779 
-4.511751176022544 -4.09675813270151 
-4.424847674759842 -4.094722357409312 
-4.355040302801286 -4.079684707903375 
-4.295714796820866 -4.07217730572498 
-4.235460329166554 -4.081589463167194 
-4.1626129967327214 -4.065989290784372 
-4.10835565521468 -4.080882912406913 
-4.045055134797485 -4.027712473425624 
-3.9845159126024665 -4.009912481817454 
-3.9255373225748103 -4.073155875413385 
-3.8615825675102156 -4.104636224861322 
-3.7722406875815557 -4.079121142725526 
-3.725065525957183 -4.095300085720751 
-3.676614164580514 -4.0751469730726315 
-3.6219718120565902 -4.0197268619543385 
-3.569970698131387 -4.033616749501914 
-3.52845416943521 -4.053552343996047 
-3.494236190303818 -4.0273697885203985 
-3.4237802250045437 -4.025361638547426 
-3.3771833333464203 -4.012628706318017 
-3.3384984775150297 -4.023208572448488 
-3.2836534112976823 -4.0409911826766205 
-3.239679028756886 -4.004051905991959 
-3.184392377103212 -3.995999637650648 
-3.1544020547110634 -4.021018998395588 
-3.1201125738391773 -3.993724370274096 
-3.0971147259686926 -3.9691735609660483 
-3.0683853580328004 -3.9844236348471895 
-3.033568618373551 -3.9734075161757594 
-2.9972330549000477 -3.96434903599801 
-2.9653173395419694 -3.981631095084939 
-2.9411190785617003 -3.981947080492326 
-2.9070139298034836 -3.9743409272747585 
-2.87687974076362 -3.976182320071846 
-2.8501682444841245 -3.9372624656183985 
-2.822250459071752 -3.965885745328754 
-2.7864780702303915 -3.970874754082509 
-2.760103350506713 -3.9493486609464505 
-2.7308308265456867 -3.9407457548324376 
-2.7018748608544474 -3.9026383027434077 
-2.675878698089448 -3.928022936786405 
-2.6387788041282767 -3.8962572535575317 
-2.624732669361475 -3.914966046150322 
-2.5993666183857216 -3.9246442207303245 
-2.5714213580570724 -3.8957571405793323 
-2.5459664848882304 -3.897472288564281 
-2.503864339024451 -3.9155057777917723 
-2.470153282358931 -3.9116327756719698 
-2.4403030297070183 -3.8780552197998532 
-2.423750098034629 -3.873244597786126 
-2.39564544390513 -3.8574888427107155 
-2.3803289972302353 -3.865787820078125 
-2.361469374826235 -3.8675432182100375 
-2.3435936113897515 -3.859324638698909 
-2.3029771309438836 -3.8552748579467817 
-2.2861261382148195 -3.8417823101883872 
-2.275111262186687 -3.850414300635748 
-2.2525897024542534 -3.8460433362264497 
-2.23581629856256 -3.833180161145527 
-2.223885712218085 -3.809426700548878 
-2.2022086211647256 -3.8243783070384967 
-2.190808245769876 -3.824178609457765 
-2.1715994709474917 -3.8089815811783363 
-2.154060293120673 -3.819866299810875 
-2.142832233364733 -3.8053457586125323 
-2.128765005354046 -3.8075061115777 
-2.1156977969554447 -3.784037442704645 
-2.0972082787034267 -3.766754815512043 
-2.082087030588053 -3.7688265969877874 
-2.0743455958523382 -3.769077594738169 
-2.0643342392833555 -3.75538152874676 
-2.0421932753551184 -3.760854707570168 
-2.0266360620604096 -3.766224931981072 
-2.0135017588650377 -3.7666696974408604 
-1.9979033805080546 -3.766687827620566 
-1.9832782969455083 -3.7806614441243607 
-1.968252775310641 -3.774428272848561 
-1.9554441562409584 -3.774830937283609 
-1.9396574338847907 -3.772016520013492 
-1.9359191097907253 -3.74797451409426 
-1.9196833534243058 -3.7249919377976473 
-1.9062772607757363 -3.7446304972994797 
-1.8864879265119874 -3.767872251002055 
-1.8747508749070134 -3.764162318950278 
-1.8533075660676142 -3.752982115823078 
-1.841692868189382 -3.7617368265962585 
-1.8298072126643872 -3.7559032076172847 
-1.8164574549725483 -3.747815080429693 
-1.8088117500197591 -3.732797872267851 
-1.795798300413939 -3.7501853441963986 
-1.7845587934294858 -3.726702181532705 
-1.7714491931317733 -3.739249522465558 
-1.7591632551986625 -3.725578114349695 
-1.7434876654979914 -3.7321396712585857 
-1.7340171495695411 -3.7218085855788745 
-1.7219342050951323 -3.7384616739279237 
-1.714423814474829 -3.734490530929152 
-1.7026561645977343 -3.7221015974964162 
-1.6961986675991658 -3.7246309726558664 
-1.6895778241658534 -3.720648037055145 
-1.6824577960333646 -3.7262923981213043 
-1.6727706977310186 -3.721716807183149 
-1.6567963617640438 -3.714360810626371 
-1.6478156097636287 -3.723907567172471 
-1.6393511532009577 -3.709578261941975 
-1.6259112683310772 -3.707553690116159 
-1.618027846932758 -3.7018451431389154 
-1.6104676756109073 -3.7047182960905243 
-1.6045338405199832 -3.7006623983897997 
-1.583375199436161 -3.7090531776859104 
-1.5727037502127907 -3.708672523026273 
-1.5706374022822212 -3.7114833989003575 
-1.563441287843403 -3.7155971184272047 
-1.5529086044754539 -3.704717199201966 
-1.5501926340336503 -3.7176225952293347 
-1.5345102853568588 -3.7226641371036 
-1.5300875223611845 -3.7207394801870772 
-1.5188136027720711 -3.7259506922539036 
-1.5105208207018295 -3.714885033524749 
-1.5040699776897704 -3.709748060392077 
-1.4935127519721896 -3.703049663097472 
-1.4893783109479044 -3.695953224365409 
-1.4871253966178521 -3.688592295427133 
-1.477724220056436 -3.680423297597566 
-1.4706508186023806 -3.6793118148749953 
-1.4631612937516432 -3.6704627645892116 
-1.4567250430265957 -3.673776109873492 
-1.4537380556425858 -3.6769101512751488 
-1.4475236524166963 -3.687336824514047 
-1.439965751753217 -3.6731944454799117 
-1.4339298796875692 -3.6717870504521652 
-1.4240053553618852 -3.662678540614281 
-1.4196548520768668 -3.6538304471931498 
-1.4128002687322736 -3.660312135283898 
-1.4056872248509806 -3.6376709885012937 
-1.3973634643625046 -3.653069738840761 
-1.390236848020892 -3.646590329814629 
-1.3800694105614957 -3.646530861608855 
-1.3738855172273665 -3.6459338558485896 
-1.3587771701412772 -3.6466354985825857 
-1.3495972531981861 -3.619858316212546 
-1.3412047303314796 -3.6355287631335207 
-1.3338831823296604 -3.6216383131829066 
-1.329291413988139 -3.617896958894367 
-1.3259854106443532 -3.6048495463030323 
-1.3214999697473324 -3.6161423836350135 
-1.320396135087941 -3.618724508688803 
-1.317992811797963 -3.6102395453110034 
-1.3089732881180016 -3.614481484918609 
-1.3032753574430984 -3.6205790732201857 
-1.2999309505560037 -3.6167385387272404 
-1.292528430136283 -3.6001222014878302 
-1.2859272707904794 -3.575948229978338 
-1.2784683446595144 -3.560399959657159 
-1.274895817115651 -3.5571628432783986 
-1.2725780281326498 -3.5561208544080882 
-1.2665655200805965 -3.560827383618072 
-1.2585222759209373 -3.5614689368157415 
-1.2560745197991368 -3.5628302948480814 
-1.2546037590498837 -3.5608274509666344 
-1.2505933240785359 -3.553124783399956 
-1.2466762981523403 -3.543915337827998 
-1.2423991489273982 -3.530504754419682 
-1.233715391601239 -3.53716745436343 
-1.2297108855172507 -3.535873890870223 
-1.225653230489056 -3.5423320974251946 
-1.2214621985342173 -3.53815541969892 
-1.2158618470585532 -3.5481780804064047 
-1.212271312162668 -3.548474601250161 
-1.2030699750712628 -3.550017372798822 
-1.1990196641493496 -3.5568484422507884 
-1.194838658903862 -3.5240027287483087 
-1.1884070912627456 -3.5358363110608186 
-1.1867070165780733 -3.5358034740133757 
-1.183778054766951 -3.5375207476566373 
-1.1806101152610526 -3.542180823849019 
-1.1763968386990207 -3.5325073422112867 
-1.172590982212026 -3.545690257301959 
-1.1689489952871632 -3.53878604616011 
-1.1657519830191954 -3.5400172074383875 
-1.1620067972526111 -3.537524716350647 
-1.1547968205196577 -3.553503631145642 
-1.1521310751102318 -3.537454197107292 
-1.1482863466498028 -3.5344774272655415 
-1.1453423349328444 -3.532181708956806 
-1.1361123215839048 -3.5152864985785297 
-1.1321171671165557 -3.5110198279590676 
-1.1288669113128513 -3.511797936628839 
-1.1233788317454692 -3.5034124201266366 
-1.1214815101716882 -3.511864457846297 
-1.1168877936442676 -3.506433875580916 
-1.1137920043130816 -3.5134798330672865 
-1.1116858936259453 -3.522642974619179 
-1.1020739363454277 -3.5016994196047704 
-1.0977939762635582 -3.508483992172849 
-1.0919897993443755 -3.493176060592692 
-1.0910704776977234 -3.492478185858089 
-1.082816748428626 -3.498774263005871 
-1.0791835102678047 -3.4929892858000935 
-1.072143016297633 -3.4950716848064687 
-1.0685169391779779 -3.486459973045455 
-1.0603539125368293 -3.481860766368208 
-1.058276135373821 -3.476656169136553 
-1.0561077976231366 -3.4797761773223703 
-1.0537776214358208 -3.488403537122996 
-1.0525454826445326 -3.4896559716423567 
-1.0525033333382385 -3.4886886113918107 
-1.0516560556316783 -3.483476877814274 
-1.050677473316134 -3.4916772173806394 
-1.0491460345261956 -3.490335017852696 
-1.0413034905986898 -3.4859461952138977 
-1.03774047271729 -3.4954449614059304 
-1.035315621923124 -3.50182951432533 
-1.0337200959284283 -3.485654061415387 
-1.0314848266682062 -3.4892159480727614 
-1.0280439956121548 -3.484793108606264 
-1.025081126441631 -3.47690084087134 
-1.0245016516459569 -3.483548039514803 
-1.0222886771785873 -3.4868534668154245 
-1.0216376724744478 -3.484526374321244 
-1.0209264871873045 -3.4848694678746166 
-1.0197362286092129 -3.4888711169175908 
-1.018517028245019 -3.495330056130534 
-1.0135735141387037 -3.495716419986692 
-1.0117953959282155 -3.4917555229495973 
-1.0110917114178921 -3.492050954220303 
-1.0104305594819578 -3.493653011347514 
-1.0089124822415663 -3.49194444311684 
-1.0072078608848958 -3.4880080053072637 
-1.0057678076541423 -3.4828369775709285 
-1.0039256521545357 -3.4704418894359446 
-1.00287340703086 -3.471170235207088 
-0.9972424233919872 -3.4732198592141494 
-0.9954640417791436 -3.4671783706313524 
-0.993153915505302 -3.4579260128780236 
-0.9924026003438302 -3.4511760500148534 
-0.9916052510144773 -3.450237979647659 
-0.9889609091778103 -3.453054411304214 
-0.9869561892535942 -3.448169214925857 
-0.9859648992292669 -3.44408644690781 
-0.9841704181208826 -3.4425382349464426 
-0.9813982895578162 -3.4377200224256104 
-0.9776353268205143 -3.422789919579359 
-0.9743111579838649 -3.424693291731596 
-0.9717350932564477 -3.420267261762412 
-0.9681037516396948 -3.414619251177244 
-0.9679071225841454 -3.419961148024776 
-0.9667368911819907 -3.416278751676349 
-0.9649946704554364 -3.431234185258696 
-0.9637864415908691 -3.4089630452282216 
-0.963101934060725 -3.415381539040135 
-0.9617534104098371 -3.41147347954938 
-0.9614879003793307 -3.409839588523092 
-0.9581572913992222 -3.412204988660826 
-0.9559795531626261 -3.40521151520967 
-0.9505798014951056 -3.4261550640352314 
-0.9441786614224116 -3.4153004706453154 
-0.9408980468030511 -3.404559872055586 
-0.9391704485724993 -3.411071403074807 
-0.9311673865854946 -3.4099821131148067 
-0.9299933111179448 -3.4075965984799867 
-0.9261565639165663 -3.42287776135634 
-0.925244446083518 -3.4232161349123897 
-0.9204745555436826 -3.422458426186192 
-0.9190911648330337 -3.4247198930656384 
-0.9164580885846019 -3.4180148614439814 
-0.913557107746584 -3.4241596462131487 
-0.9130929621533648 -3.434505362175126 
-0.912124211581359 -3.4310523087824567 
-0.908796108537756 -3.4070675079305337 
-0.9070573118315307 -3.424986291809541 
-0.9066301537646103 -3.428380224892225 
-0.9041382659795348 -3.4360125382296425 
-0.9022596573244039 -3.432897143146408 
-0.8985557083679595 -3.433315989146837 
-0.8950058170827144 -3.4305554718871027 
-0.891538489056039 -3.41615035290652 
-0.8859435376799312 -3.4135968572014552 
-0.885089846230655 -3.412177399005405 
-0.8828438536001163 -3.403355199226825 
-0.8816463464885296 -3.401484546796224 
-0.877436864517742 -3.398976367866538 
-0.876758247039659 -3.391045531767064 
-0.8755142039159391 -3.3863657514888836 
-0.8743295444439093 -3.401019275009325 
-0.8738629563307077 -3.402822494474208 
-0.8726875948717076 -3.3948891296362618 
-0.8702600013851389 -3.3888332840719904 
-0.8698364278365265 -3.3902989101440397 
-0.8689861666356512 -3.3912351622088526 
-0.8652085009161481 -3.3812967568812873 
-0.8604299389009523 -3.377058976452772 
-0.8587208641214099 -3.3699366082428215 
-0.8578048291535679 -3.37134881763723 
-0.8553147082252288 -3.3715462519291646 
-0.8530378789892655 -3.358557193809081 
-0.8526943999440232 -3.3559678797453096 
-0.8483090473726296 -3.362390059112054 
-0.8443543420732275 -3.3730926743815917 
-0.8431310449756215 -3.3802331380497748 
-0.8420311231832271 -3.3733983832183996 
-0.8413494693436577 -3.370104905168361 
-0.83798134291652 -3.362638981691621 
-0.8366672310517212 -3.3569626766206624 
-0.831814607198676 -3.3567068696292615 
-0.8297979102979821 -3.349752898710429 
-0.8231999382503608 -3.342962252687421 
-0.8225520377133847 -3.337055250969422 
-0.8219112648077288 -3.3414352843166433 
-0.8215056114177774 -3.339945528994218 
-0.8196840007565575 -3.3408252554482214 
-0.8150487612314932 -3.335235063106902 
-0.8119204010063265 -3.330741078927994 
-0.8113326616866402 -3.3257572603675145 
-0.8108335393096779 -3.324391621313206 
-0.8103254295349847 -3.3207066620212635 
-0.806680446628857 -3.312847004573069 
-0.8054959228697119 -3.3147699024519084 
-0.8034024385782266 -3.3163420148583067 
-0.8023932669216965 -3.3239171475506906 
-0.8004046466748117 -3.320586510304948 
-0.7985300778961696 -3.311216213949348 
-0.795304133148534 -3.308353554294798 
-0.7914732261323127 -3.309263185948471 
-0.7858559922571422 -3.3071365830745107 
-0.7852311678549164 -3.3067763204103793 
-0.7832937603789234 -3.3120462506311066 
-0.7818519160536991 -3.308473630714334 
-0.781216168518543 -3.3062538977633738 
-0.7807769092367824 -3.3066176723762446 
-0.7797119303944139 -3.312707694353851 
-0.7775482098647034 -3.3091845557775814 
-0.7774168319314437 -3.3104917198630273 
-0.7756340170806949 -3.3024706535637116 
-0.7728480959756718 -3.3043029553829597 
-0.7725959381348384 -3.303938631312183 
-0.7723758576242421 -3.3011363062207124 
-0.7712137949658509 -3.2928602682544943 
-0.7704778859007407 -3.302248869512583 
-0.7681167166257521 -3.2959718231584088 
-0.7681050907854128 -3.297706646614323 
-0.7674891608778884 -3.307859921584544 
-0.7671904268457599 -3.306886187458423 
-0.7669754006198539 -3.301949220111491 
-0.7646025246332481 -3.3090212725640518 
-0.7634919428012912 -3.304576521007637 
-0.7629252328409144 -3.3041494533345803 
-0.7610257275217566 -3.305681493369547 
-0.7595795374193648 -3.304625078526238 
-0.7587782723019495 -3.3048887911679468 
-0.7585704551280469 -3.308249734984709 
-0.7581095355448232 -3.3073444542787054 
-0.7579886608667471 -3.307216258611639 
-0.7576750699611192 -3.3071916803969934 
-0.7547864551457031 -3.3059281904163234 
-0.7534467724613717 -3.3062535609517063 
-0.7498695322745859 -3.303552262319971 
-0.7494062929261752 -3.3085490777347633 
-0.749025858134524 -3.300191316133116 
-0.7486408014795751 -3.300960784892916 
-0.747182263588735 -3.2959769849231373 
-0.7464640108367265 -3.297953053771717 
-0.7455873845327495 -3.2996699779708565 
-0.7447810608016731 -3.304956600875349 
-0.7443509523937729 -3.308127112259187 
-0.7438922044142284 -3.3128449389013706 
-0.7425012618654755 -3.3130376293794046 
-0.7418200277725572 -3.3152427684657306 
-0.7407752428171424 -3.3044658995300185 
-0.7399331300216143 -3.309990231365395 
-0.7392429106868009 -3.309870686135823 
-0.7375468428970579 -3.300620422805415 
-0.7342444466908761 -3.3140142863759614 
-0.7317240652296104 -3.3076396659012235 
-0.7311422517942376 -3.3065000821442663 
-0.7269537480666834 -3.2965583308236632 
-0.725743932655103 -3.2867191154676534 
-0.7233202228301977 -3.289416875403536 
-0.7209096771063107 -3.302497378866202 
-0.7200116464120422 -3.2992127773391897 
-0.7189087189219148 -3.291596226672732 
-0.7136058161323562 -3.295338232331096 
-0.7133085483848522 -3.297753315003679 
-0.711888088562379 -3.285243846364487 
-0.7109228030812313 -3.2955970936775794 
-0.7099975326861936 -3.2941526584392844 
-0.709868216767404 -3.296859230280127 
-0.709438011080894 -3.2944040333981524 
-0.7084766343124489 -3.289299621502174 
-0.7077104744665459 -3.281100967390351 
-0.7072434789403348 -3.2807150356217227 
-0.7072266548140438 -3.275838534547151 
-0.7067896407090729 -3.277763787738897 
-0.7063029783923648 -3.2654468755732715 
-0.7056977750727992 -3.2673058119535128 
-0.7044025892198948 -3.24958780821629 
-0.7040021310526181 -3.24818917308964 
-0.703067463077068 -3.2500568914938883 
-0.7023034178742372 -3.242927829979739 
-0.7019264283470189 -3.24804225316218 
-0.7008188733872003 -3.2568333094755886 
-0.7005609768710582 -3.2510532184628746 
-0.6987592508284345 -3.2533751085597804 
-0.6983137920982653 -3.2446863871815825 
-0.6977103795328863 -3.2425786640497662 
-0.6974221123319412 -3.2413333230058026 
-0.6970873343329494 -3.2398892898745215 
-0.6963206566021649 -3.2499110217260627 
-0.6945399374286706 -3.2395997546942232 
-0.6940080765479879 -3.23402448635709 
-0.6936216185211993 -3.231108392612152 
-0.6932651677337688 -3.2271026812789425 
-0.6930615970872682 -3.219978543671793 
-0.6908442547746336 -3.2135185443982355 
-0.6887535359662561 -3.213352318916069 
-0.6886908269201512 -3.2160421383824414 
-0.68829881068421 -3.2145058972927614 
-0.6875308635057472 -3.215359369899187 
-0.6833389209453797 -3.220550737451567 
-0.6820498228967312 -3.214863245669442 
-0.6784647515146482 -3.21103570005787 
-0.6778394656561771 -3.205019419758569 
-0.6749177777990655 -3.207227727831535 
-0.6747719982702605 -3.2062540865927938 
-0.6720366142863232 -3.205570538595438 
-0.6718773294416731 -3.206647020793986 
-0.6709809853982082 -3.2011392917913817 
-0.6704286380064292 -3.195516373125429 
-0.6695620744172239 -3.1824711560988725 
-0.6693634626246877 -3.1857807142376515 
-0.6640534554138452 -3.178060987124563 
-0.6639145069014395 -3.1744910927282435 
-0.6584691014393131 -3.1698768975778515 
-0.658314516099907 -3.16952931632109 
-0.6582740679342313 -3.17284955606419 
-0.6580318341219593 -3.1695534308625595 
-0.6566118757547595 -3.174647785600787 
-0.6557439850746927 -3.1784998735578247 
-0.6549518621245666 -3.1764346085591737 
-0.6545451219098413 -3.1774691639849086 
-0.6519784917364833 -3.16543148805454 
-0.6507474644630514 -3.177852866625989 
-0.6497502692394248 -3.176771312234302 
-0.649291050535262 -3.1876813564007933 
-0.6487566669570244 -3.1839182802427937 
-0.6470776124433486 -3.182155094129284 
-0.645849691753801 -3.1795370149117006 
-0.6456648943209511 -3.1791895976844686 
-0.6449414217471086 -3.1776829455335505 
-0.6442870532598084 -3.180464091271401 
-0.6441269200128303 -3.184601029050507 
-0.6436121744300449 -3.1844851584129734 
-0.6429461055159728 -3.172786307299061 
-0.6426812106090649 -3.1811417911122644 
-0.6418199907512985 -3.1847627995763674 
-0.6382465822718386 -3.1727329346929785 
-0.6376283886992812 -3.165616207959327 
-0.6368168209884082 -3.1677655578953106 
-0.6357858390324741 -3.1650136897956553 
-0.6350313401169893 -3.1659420745872144 
-0.6335305158996423 -3.1443313649836826 
-0.6332756831740766 -3.1482008880526227 
-0.6327510082731681 -3.145157881209283 
-0.6325504912259077 -3.1441137932238536 
-0.631354355831649 -3.1496454040146427 
-0.630981219942799 -3.152548919356089 
-0.6308534699217656 -3.155222697485855 
-0.6259097582005608 -3.151942745977038 
-0.6242620256660205 -3.1474228767875085 
-0.6232027644158357 -3.140993216781379 
-0.6222040488051515 -3.142005231706497 
-0.6210710812241436 -3.1392443162606276 
-0.6190630107834895 -3.1360473464120813 
-0.6187083372658198 -3.140167063139647 
-0.6174611499875178 -3.1387211214639015 
-0.6174611499875178 -3.1387211214639015 
-0.6173472688475513 -3.14068091660126 
-0.6165702680705507 -3.1407269489029437 
-0.6162727458160641 -3.1373220112726705 
-0.6154126124259065 -3.1314450148646706 
-0.6149352056309001 -3.127326902980171 
-0.6148936838654235 -3.129331533313857 
-0.6148936838654235 -3.129331533313857 
-0.614017987889909 -3.131044000318611 
-0.6138849545751824 -3.1314651906259017 
-0.6125945995228438 -3.1442878783258936 
-0.609039282618187 -3.1425795835105377 
-0.6084083548339745 -3.14463957447888 
-0.6082708403317031 -3.1441813012667557 
-0.607704378325582 -3.147870896551144 
-0.6073891079928581 -3.147891004878203 
-0.6053490960129689 -3.151584271349231 
-0.6024449000448743 -3.1437038721508284 
-0.6016507776335724 -3.151312425401896 
-0.6000391152155136 -3.159061458020459 
-0.5996543816593416 -3.157699856483933 
-0.5988637607476118 -3.1526691414156307 
-0.5984330391527362 -3.1546925846413845 
-0.5976347326501995 -3.1408767096243966 
-0.5972826381474886 -3.1378360420644618 
-0.597194634168397 -3.13475332421381 
-0.5953748752603014 -3.131619036416236 
-0.5945668667657645 -3.133782623519005 
-0.5935079058897748 -3.1246298332367584 
-0.5927830158059679 -3.1280671515184943 
-0.592230480930954 -3.121745079671101 
-0.590395253255617 -3.126054664672113 
-0.5893979389718321 -3.1224863702080023 
-0.5891848412745556 -3.1254845457425824 
-0.5854826541970224 -3.1174227110668147 
-0.5801253790761065 -3.116989367219481 
-0.5790287214104015 -3.1133458912199434 
-0.5777435356116903 -3.10746245406457 
-0.577214261711621 -3.104666680470775 
-0.577214261711621 -3.104666680470775 
-0.5767420339225745 -3.099097862666944 
-0.5745028303676054 -3.095942892357277 
-0.5738446206147695 -3.097618473575729 
-0.5727118314204692 -3.0929862403772885 
-0.5727118314204692 -3.0929862403772885 
-0.5719024351168053 -3.0999644863939224 
-0.5705906043649371 -3.093604417949904 
-0.5702663468065002 -3.089306557337528 
-0.5690994878434467 -3.0908069331028005 
-0.5690748112818844 -3.0944910006437842 
-0.5677549315047153 -3.0778182469211557 
-0.5667634176044641 -3.074683954532318 
-0.5656775225999324 -3.069977861888866 
-0.5649819558695701 -3.0678733454636564 
-0.5649819558695701 -3.0678733454636564 
-0.5642645602534764 -3.0710967730123717 
-0.5635214474747278 -3.0716061221252486 
-0.5598251247429059 -3.0768971881441423 
-0.5597106201404644 -3.080648731045308 
-0.5593342871258006 -3.0784868047584726 
-0.5588579326829154 -3.0710715395314465 
-0.5557466055074172 -3.0714417809104155 
-0.5557466055074172 -3.0714417809104155 
-0.5553177234431604 -3.064200884833329 
-0.554221199060729 -3.0690051127872318 
-0.55379265987405 -3.0713680994290664 
-0.5536699808539916 -3.0734000307821834 
-0.5534839855060147 -3.0672132854619316 
-0.5534065295998883 -3.0671947516685045 
-0.552647493049038 -3.066748854203496 
-0.5523688532345447 -3.0640702077992827 
-0.5504568991850922 -3.0658978248250883 
-0.5503911239660995 -3.067121034312315 
-0.5499407352773606 -3.071141049919119 
-0.5490029948307066 -3.0611992167197397 
-0.5487056153927306 -3.058964619350629 
-0.5486072289307078 -3.06037976725422 
-0.5485052944355584 -3.0541961445052466 
-0.5482467633108237 -3.0518058053562838 
-0.5476926851103883 -3.048218639145624 
-0.5476420773454388 -3.0457674237018413 
-0.5476420773454388 -3.0457674237018413 
-0.5474609223801565 -3.0435697218759583 
-0.5469563229238008 -3.0410700281360543 
-0.5465516385943348 -3.0390262011513127 
-0.5457162621075496 -3.032932064672906 
-0.5455836868015247 -3.0362431957430864 
-0.54526062701374 -3.0405541809865464 
-0.54467793182902 -3.0349338057326176 
-0.5441039037340853 -3.0283850650286763 
-0.541585465163117 -3.0288314302234154 
-0.5407894929439254 -3.032140871931023 
-0.5403436817722228 -3.0338228519953705 
-0.5402198992954875 -3.039978906174994 
-0.5388938125706312 -3.0383741996989784 
-0.5343013736450007 -3.033215562852243 
-0.5337647639542196 -3.029321328459675 
-0.5335379917107317 -3.0336938179594797 
-0.5330166120381561 -3.0287755795807425 
-0.5325682376279716 -3.0289372165913404 
-0.5321240415688365 -3.0229219474382845 
-0.5318490907925247 -3.0195253387985725 
-0.5306037066732825 -3.016996876476799 
-0.5302618361360397 -3.0171263625807287 
-0.5294648289922833 -3.009847738597127 
-0.5291671963969027 -3.010440956069914 
-0.5290950844792064 -3.0098167007480376 
-0.5278823634173593 -3.0086095486780913 
-0.5273716602863626 -3.0156140050009004 
-0.5244539982259098 -2.9995408272921367 
-0.5241794292854512 -2.995325702076067 
-0.5232600483272442 -2.993352025425994 
-0.5228969847243322 -2.9902885984123126 
-0.5226961287013889 -2.998867367008294 
-0.522595118600379 -2.998333994768253 
-0.5224589483187898 -2.9951905070067735 
-0.5221934878925671 -2.99562759478376 
-0.5212965354154521 -3.003558872657851 
-0.5205109930619876 -3.002356676481148 
-0.5205109930619876 -3.002356676481148 
-0.5203932441591793 -2.9991756304132506 
-0.5200111415516002 -3.004246206695872 
-0.5192018909195166 -3.003297226342001 
-0.5190020752006904 -3.002508752405756 
-0.5188864282299349 -2.995640154234308 
-0.5185907314108495 -2.9894483089586124 
-0.5181141899229599 -2.993937381399908 
-0.5180438687263256 -3.0038278154065563 
-0.5177039951333253 -2.998001755850456 
-0.5174821913565456 -2.9952475440738313 
-0.5172836071732712 -2.99544120538646 
-0.5171106553075441 -2.9897005190128203 
-0.5171106553075441 -2.9897005190128203 
-0.5154632145815234 -2.9875271302158137 
-0.5151084690930806 -2.9853167987365654 
-0.5134036162897968 -2.9840140740879484 
-0.5125825262478048 -2.984794939559426 
-0.5115449467921195 -2.9846643035734757 
-0.5114480700967774 -2.984600584541138 
-0.5112115860679992 -2.983267792201269 
-0.5109607221967343 -2.988757113301277 
-0.5107055295867029 -2.9911271787717504 
-0.5100021355576008 -2.989152962265299 
-0.509643939127284 -2.9885832382130766 
-0.5071474427229856 -2.9883982451875077 
-0.5060490659994603 -2.9871825160480903 
-0.5057869639357115 -2.9971358301302504 
-0.5053620154913898 -3.000658388716472 
-0.5047815354102048 -2.9976642539854836 
-0.5027253737060862 -3.0072209817464004 
-0.5023389431799746 -3.0043324506567415 
-0.5021236575924793 -2.997538048667902 
-0.5010290554505265 -2.9975795364722657 
-0.5002790855307281 -3.0003356111472 
-0.500146543052199 -3.0005527470042943 
-0.4994505087286191 -2.996719697278933 
-0.4992917055369188 -2.9959466157969414 
-0.4988216875160556 -2.9880751781138963 
-0.4975306159329905 -2.9880362922334087 
-0.49696343757316636 -2.98299725728065 
-0.4959946274900289 -2.9767205353924333 
-0.4956984988222367 -2.9688038797972562 
-0.4956984988222367 -2.9688038797972562 
-0.4956984988222367 -2.9688038797972562 
-0.4941556388129622 -2.966992777378863 
-0.49389659474180114 -2.96752936437219 
-0.4938400930682057 -2.9711344259285526 
-0.49270870721722754 -2.966418642860265 
-0.49221631973002966 -2.9625915267235676 
-0.4920628108348892 -2.96504343774641 
-0.48923337946034 -2.9703338438454367 
-0.4887454584019489 -2.964129562154064 
-0.4884615142885325 -2.951705786990303 
-0.4878291314286616 -2.9489909429751013 
-0.4871312880260096 -2.958016828325918 
-0.4867043413879589 -2.962760719535969 
-0.4861056434172912 -2.9808872774369912 
-0.4861056434172912 -2.9808872774369912 
-0.4853636677457591 -2.972388143439524 
-0.4847110086707249 -2.9697914887284633 
-0.48364767323413727 -2.9664910991768663 
-0.4832592778070767 -2.9681125634784564 
-0.48308279044718083 -2.9656983826848755 
-0.48294253130229775 -2.9686387591834884 
-0.48233707851752544 -2.9688476283835263 
-0.48173167765784636 -2.9727507938022693 
-0.4802477130213136 -2.971652620423144 
-0.4801195808650384 -2.970136854219701 
-0.4789656874613849 -2.9759763219787456 
-0.47855963969982485 -2.971982793850828 
-0.47746327407048367 -2.9733707738135866 
-0.47746327407048367 -2.9733707738135866 
-0.4772556513312198 -2.9733969488144503 
-0.4760600307087188 -2.9711996303279267 
-0.4759795567227377 -2.9694037434526184 
-0.4759795567227377 -2.9694037434526184 
-0.4758158513689879 -2.968989072725904 
-0.4750569646634605 -2.969813808845477 
-0.47465955227123974 -2.9707070918318377 
-0.47462287808683823 -2.9766397222826213 
-0.47453180340559964 -2.9739287528348495 
-0.47447864019454167 -2.973950172545535 
-0.47359570270366963 -2.9748709870318306 
-0.4729470874871444 -2.9790908295678022 
-0.47262326036430646 -2.981506278901361 
-0.4722723154814041 -2.978849288758726 
-0.4721831312708519 -2.9798561952632827 
-0.4711209634711131 -2.991764977164747 
-0.47075214406282634 -2.9789480351835422 
-0.47057008598135136 -2.9768825481050882 
-0.4705163556965648 -2.976029087760834 
-0.47010903890632927 -2.978473239104951 
-0.47004055748191564 -2.97504546170489 
-0.4694501262484376 -2.977098088895131 
-0.46885149511613267 -2.9789082751791622 
-0.46846517508383906 -2.976424565530698 
-0.46828385536546946 -2.974301235544857 
-0.46786524314446715 -2.973427155954345 
-0.4676920476252827 -2.9721488688998408 
-0.4676920476252827 -2.9721488688998408 
-0.4669320303213863 -2.9748852426981744 
-0.46543100751017913 -2.9752359239294 
-0.46543100751017913 -2.9752359239294 
-0.46433569701822874 -2.9713096612877146 
-0.4622318824304332 -2.9617039845688637 
-0.46170432993913657 -2.967821935015436 
-0.46108298564974465 -2.9705184259702597 
-0.4609357145425276 -2.9690669545970034 
-0.46071172740964383 -2.9689960869905603 
-0.46071172740964383 -2.9689960869905603 
-0.45979466011594256 -2.9726454157271287 
-0.459438974605844 -2.962358733596791 
-0.459438974605844 -2.962358733596791 
-0.45870061635283055 -2.9647530290069124 
-0.45780442944011757 -2.9582495000762004 
-0.4576958971038847 -2.9580914840615353 
-0.45758377128279754 -2.960061820148557 
-0.4574771539400051 -2.961492050415913 
-0.4571302239262819 -2.960228898596958 
-0.4568304614762528 -2.9638506964290454 
-0.45651004138496265 -2.9636292709885677 
-0.45645615090699554 -2.9641840465666514 
-0.4560663286142049 -2.9566679293970646 
-0.45573746082435 -2.9503328055508593 
-0.4554330446519725 -2.945951308181425 
-0.4551860244045303 -2.9430605264438587 
-0.4543989131814676 -2.94105293313126 
-0.45427582284518386 -2.9511937031439714 
-0.45406916470085734 -2.9460910067407506 
-0.45393106757799895 -2.9429447210407247 
-0.45373015064096306 -2.92976490094476 
-0.45176705884604995 -2.9313720041063287 
-0.451303328688538 -2.9320821330263493 
-0.450904786486919 -2.927868258264142 
-0.4505392228170829 -2.9322381886308375 
-0.45047298668527297 -2.9325606099257304 
-0.45031904842661 -2.934345265228182 
-0.4498105491407707 -2.942036078571182 
-0.4494394980177325 -2.9480978091651746 
-0.44907541392449385 -2.9446497560750675 
-0.44816193734241516 -2.9419011592159805 
-0.4480897991148735 -2.943862714371203 
-0.447762141355235 -2.9472092845408118 
-0.44746377975866014 -2.9509974547823568 
-0.44737955801184104 -2.9433705201515252 
-0.4473500420732342 -2.938375544978435 
-0.44712906415334236 -2.9350167180429856 
-0.4470842237226898 -2.9314942014044543 
-0.4469658118745411 -2.9299527329114508 
-0.44551327526542467 -2.932824430429808 
-0.4454342252000149 -2.938195337313322 
-0.4454342252000149 -2.938195337313322 
-0.4431935256215151 -2.93758435127546 
-0.443060325488315 -2.938284587712741 
-0.4427550108052913 -2.942826175044184 
-0.44165709312948587 -2.9435930035823765 
-0.44126187829433006 -2.9412209134200107 
-0.44104240987014914 -2.941555448591521 
-0.4406703101719068 -2.9394946786628053 
-0.4404770884782614 -2.94322452286202 
-0.4399550966281861 -2.9316675029538772 
-0.4399550966281861 -2.9316675029538772 
-0.43986846309664945 -2.9316452164431066 
-0.4397756987181708 -2.933728003483889 
-0.43949765701283 -2.9334834349394407 
-0.43949765701283 -2.9334834349394407 
-0.4394859959804865 -2.926039962791603 
-0.4389365351705784 -2.9218301536777416 
-0.4388465162666086 -2.923367021919317 
-0.43807030199842445 -2.925292743406644 
-0.43757618730766795 -2.9186237601585483 
-0.4373934951640185 -2.9147858318588096 
-0.4371928129260074 -2.910330231246636 
-0.43683288214221344 -2.9113743864242236 
-0.43649840468406814 -2.9022569440738875 
-0.43642319189035017 -2.901910432999489 
-0.43637514258891896 -2.909348569597695 
-0.43625966127082183 -2.9109106626535874 
-0.4340740834976832 -2.914192841398727 
-0.43281174809254425 -2.909743692415021 
-0.4327650693933819 -2.9057374932447066 
-0.432166399153032 -2.905072311548432 
-0.4319062075140969 -2.9019742835675335 
-0.4314323735805999 -2.901773212464381 
-0.43112889500267526 -2.8934241260989926 
-0.4310878339860045 -2.8916718993405 
-0.43088946629698605 -2.892356671594713 
-0.43066727972226115 -2.8958472146280942 
-0.4306325927546095 -2.8976671534449134 
-0.4305378685792464 -2.9017617744808923 
-0.43020075668117036 -2.9047181740143717 
-0.4293932177532827 -2.9008675756306435 
-0.4290076536271566 -2.906651838028884 
-0.42880094564034077 -2.907656190160792 
-0.42867329344841526 -2.905162334648787 
-0.42838431126717624 -2.9125809736511 
-0.4276783010978605 -2.919506210922267 
-0.42691178901030413 -2.925627768032292 
-0.4263842956078357 -2.9273629767640093 
-0.4262303989614114 -2.9278300366463057 
-0.426017536319021 -2.923705226776018 
-0.4255533989800958 -2.915271398691954 
-0.42498068498473274 -2.916823678169443 
-0.4244737263494931 -2.910587652869596 
-0.4243001841489455 -2.913067277793287 
-0.42421782927105073 -2.9176307760114417 
-0.4235291219170658 -2.92390573876738 
-0.42293207714411074 -2.9192876561031214 
-0.42285136130997025 -2.91579992017235 
-0.42280218404560316 -2.908922178984338 
-0.4208354346083014 -2.911316988822195 
-0.4207930823646914 -2.907733709617118 
-0.42041018706251715 -2.906459868640442 
-0.4203267636683579 -2.9034216870649616 
-0.42004413320641043 -2.9056518926218122 
-0.41974081454093615 -2.903150575914782 
-0.4184855411669525 -2.9049081258467964 
-0.4184855411669525 -2.9049081258467964 
-0.4180899712717606 -2.9090107022020657 
-0.417974162032919 -2.9015657935171886 
-0.4177773714922114 -2.8966579836550697 
-0.41753026245223585 -2.888988224489094 
-0.4173462379366126 -2.888999314394707 
-0.41641969686044167 -2.87448169538808 
-0.4163379204233614 -2.876440807352781 
-0.4163379204233614 -2.876440807352781 
-0.4160578397369154 -2.8840736562740594 
-0.4158385272601129 -2.8865271139074387 
-0.4156540288320992 -2.8872285441266956 
-0.41548252992792895 -2.884621993903324 
-0.4152585105903863 -2.8807430403738166 
-0.41517844997439685 -2.8808123628390243 
-0.41515975987381676 -2.8840086709783805 
-0.4141170591638973 -2.882997636700272 
-0.412720581430163 -2.8831800973209205 
-0.4125987800545761 -2.8851159783737828 
-0.41236423543818274 -2.8812894729446956 
-0.4109255274962634 -2.8686789087799 
-0.4109255274962634 -2.8686789087799 
-0.41090708318480657 -2.868364728860725 
-0.41072067704214266 -2.869337909844776 
-0.4106175121259756 -2.872311772636079 
-0.40983025470589124 -2.8741357553568485 
-0.4096098690309601 -2.8732093150007287 
-0.4093545242803604 -2.874935598582604 
-0.4092560774727344 -2.8738370598451133 
-0.40921571379600713 -2.8724729003402616 
-0.40847992350540346 -2.8728148028296467 
-0.40821911102704966 -2.8698322268660816 
-0.40778508090921317 -2.8684478761088608 
-0.40778508090921317 -2.8684478761088608 
-0.40761189346092364 -2.863666604070837 
-0.4070620609332699 -2.8689032622787187 
-0.40679896179980357 -2.873567158749008 
-0.40629574032418725 -2.871769222479488 
-0.4059553537546388 -2.874167617833372 
-0.4057451231090484 -2.87092029133948 
-0.40569037963660376 -2.8693211111629067 
-0.4055614327513277 -2.8643652753072737 
-0.40549659356766027 -2.8600784202807357 
-0.4053771533337095 -2.867209559253914 
-0.4049687208764259 -2.8616836001153128 
-0.4049031614358664 -2.861145415167918 
-0.4048123303711902 -2.856831897010647 
-0.40470584255253456 -2.85678487299832 
-0.4043086793170654 -2.8608328878552474 
-0.40406865480223 -2.8571458284117086 
-0.40363619075794993 -2.858404082335849 
-0.40277125724571017 -2.8540355234426453 
-0.40265208162694643 -2.8537532812324264 
-0.40206396972453395 -2.8527576494045244 
-0.4016809292147243 -2.8529555624304894 
-0.4016809292147243 -2.8529555624304894 
-0.4014938530136569 -2.8491433653073175 
-0.4007990633244892 -2.8489151455401625 
-0.4007382138660494 -2.847391700905482 
-0.3970923486982061 -2.8523001332671463 
-0.3940927796782769 -2.846347685576026 
-0.39188345639681493 -2.8410806322479045 
-0.3911146778502586 -2.8425989586551803 
-0.39029916083999355 -2.8481686262608985 
-0.3899957194563901 -2.84370775240401 
-0.3897274010061986 -2.8400364633098945 
-0.3886911056962718 -2.8379909571875856 
-0.3884986980208389 -2.8340420663873025 
-0.3884331385802795 -2.8350033102564227 
-0.38797522902542336 -2.8358008260035614 
-0.38784061600234754 -2.834902620430381 
-0.3877193801898486 -2.83443695350384 
-0.3877193801898486 -2.83443695350384 
-0.38752627719116706 -2.8272980956111056 
-0.3873181236405041 -2.826293464305318 
-0.3869777649629186 -2.8281027309778444 
-0.3869777649629186 -2.8281027309778444 
-0.3869323558266003 -2.8296460946261597 
-0.38584047264521837 -2.830494463642692 
-0.3850680635329927 -2.8191376563651893 
-0.3850680635329927 -2.8191376563651893 
-0.3850194177390287 -2.819218313044503 
-0.3848053874256457 -2.8097252460745645 
-0.38458352684487 -2.8083833916469394 
-0.38454620784203375 -2.8063869961558257 
-0.3844489047801298 -2.801920958690552 
-0.38421916867805833 -2.798590287250783 
-0.3836565517330583 -2.7986504949609112 
-0.3836565517330583 -2.7986504949609112 
-0.3836565517330583 -2.7986504949609112 
-0.3836565517330583 -2.7986504949609112 
-0.3833685047549151 -2.792316309113754 
-0.382555648731071 -2.7879720622405246 
-0.3822369804059966 -2.789883951792805 
-0.3821270215944065 -2.787689737604769 
-0.3819856316723891 -2.7877298251758793 
-0.38184611936052043 -2.790428696390718 
-0.38158159221445676 -2.7818853166565125 
-0.3808597143364061 -2.7795639840187594 
-0.3805754995280493 -2.774737684973239 
-0.3803304895449702 -2.7751442007587244 
-0.37985452342589016 -2.7772775267217593 
-0.3795718511184016 -2.7732185670841045 
-0.3793505888425934 -2.778003481220375 
-0.37912654490749254 -2.776875932247358 
-0.37899515165142666 -2.7721707487027274 
-0.37874492843050955 -2.769030204296258 
-0.37813088066478917 -2.7706213323196898 
-0.37807678567398534 -2.7676834487821154 
-0.37786888575925365 -2.7695991218903293 
-0.3776976998347783 -2.765848426382093 
-0.3776976998347783 -2.765848426382093 
-0.37739409279771907 -2.766182763116374 
-0.3766869455482899 -2.7651087099188016 
-0.3762346615139163 -2.76485257323577 
-0.3762020776103646 -2.7630433953390487 
-0.37592359997339647 -2.761244070980509 
-0.3758437027866211 -2.7613269513284213 
-0.37560173331333113 -2.7574319630672273 
-0.3754996586962064 -2.7551217945605906 
-0.375384399470557 -2.7563181917965585 
-0.37520776317904275 -2.757601992053295 
-0.3749579576212472 -2.765248930336649 
-0.3749579576212472 -2.765248930336649 
-0.3743720393823235 -2.762320511962713 
-0.3743720393823235 -2.762320511962713 
-0.3742686374099061 -2.7593451015665864 
-0.37416736414162877 -2.7589886463330435 
-0.37412227034653495 -2.756678305298991 
-0.3740042846487959 -2.755501523540397 
-0.3733785610647583 -2.755746162381657 
-0.3733785610647583 -2.755746162381657 
-0.3733785610647583 -2.755746162381657 
-0.37282318543241305 -2.7566764189267943 
-0.3727296204653429 -2.754448425411866 
-0.3725646372356564 -2.756679608349096 
-0.3725646372356564 -2.756679608349096 
-0.3725263272667654 -2.7546638070701803 
-0.37215356333998434 -2.748602317292105 
-0.37196661562643557 -2.7523103518811585 
-0.37190102277729975 -2.753742373072314 
-0.37155085259025644 -2.753127094690263 
-0.3715120497635731 -2.752274147476796 
-0.3715120497635731 -2.752274147476796 
-0.37138430003530054 -2.7507625187715856 
-0.37138430003530054 -2.7507625187715856 
-0.37131575128298233 -2.753880846498632 
-0.37103204409136475 -2.7577995526419685 
-0.37100165002546626 -2.757185706182034 
-0.37069844257175383 -2.7558494369338065 
-0.37059112104082553 -2.755541696361674 
-0.37049294552060497 -2.7601661927146934 
-0.37033695255829374 -2.76235796233231 
-0.37018365469256076 -2.755761729187658 
-0.36980031780110056 -2.7569583795434225 
-0.3694464746711493 -2.7636160546262483 
-0.3682082883807286 -2.7569124806017227 
-0.367937697109535 -2.745093315841496 
-0.3677755570232548 -2.7441236684037325 
-0.36777439969016296 -2.745754882827277 
-0.36770094485092075 -2.7451439239320563 
