Song: aguas_de_marco

Position, Duration, Pitch
1.000000, 1.000000, 75
2.000000, 1.000000, 71
3.000000, 1.000000, 75
4.000000, 1.000000, 71
5.000000, 1.000000, 75
6.000000, 0.500000, 75
6.500000, 0.500000, 73
7.000000, 0.500000, 71
7.500000, 1.500000, 71
9.000000, 0.500000, 75
9.500000, 0.500000, 75
10.000000, 0.500000, 75
10.500000, 0.500000, 73
11.000000, 0.500000, 71
11.500000, 1.500000, 71
13.000000, 0.500000, 75
13.500000, 0.500000, 75
14.000000, 0.500000, 75
14.500000, 0.500000, 73
15.000000, 0.500000, 71
15.500000, 1.500000, 71
17.000000, 0.500000, 75
17.500000, 0.500000, 75
18.000000, 0.500000, 75
18.500000, 0.500000, 73
19.000000, 0.500000, 71
19.500000, 1.500000, 71
21.000000, 0.500000, 75
21.500000, 0.500000, 75
22.000000, 0.500000, 75
22.500000, 0.500000, 73
23.000000, 0.500000, 71
23.500000, 1.500000, 71
25.000000, 0.500000, 75
25.500000, 0.500000, 75
26.000000, 0.500000, 75
26.500000, 0.500000, 73
27.000000, 0.500000, 71
27.500000, 1.500000, 71
29.000000, 0.500000, 75
29.500000, 0.500000, 75
30.000000, 0.500000, 75
30.500000, 0.500000, 73
31.000000, 0.500000, 71
31.500000, 1.500000, 71
33.000000, 0.500000, 78
33.500000, 0.500000, 78
34.000000, 0.500000, 78
34.500000, 0.500000, 78
35.000000, 0.500000, 78
35.500000, 1.500000, 83
37.000000, 0.500000, 71
37.500000, 0.500000, 71
38.000000, 0.500000, 71
38.500000, 0.500000, 71
39.000000, 0.500000, 71
39.500000, 1.500000, 80
41.000000, 1.000000, 75
42.000000, 1.000000, 71
43.000000, 1.000000, 75
44.000000, 1.000000, 71
45.000000, 0.500000, 75
45.500000, 0.500000, 75
46.000000, 0.500000, 75
46.500000, 0.500000, 73
47.000000, 0.500000, 71
47.500000, 1.500000, 71
49.000000, 0.500000, 78
49.500000, 0.500000, 78
50.000000, 0.500000, 78
50.500000, 0.500000, 78
51.000000, 0.500000, 78
51.500000, 1.500000, 83
53.000000, 0.500000, 71
53.500000, 0.500000, 71
54.000000, 0.500000, 71
54.500000, 0.500000, 71
55.000000, 0.500000, 71
55.500000, 1.500000, 80
57.000000, 0.500000, 71
57.500000, 0.500000, 71
58.000000, 0.500000, 71
58.500000, 0.500000, 71
59.000000, 0.500000, 71
59.500000, 1.500000, 79
61.000000, 0.500000, 71
61.500000, 0.500000, 71
62.000000, 0.500000, 71
62.500000, 0.500000, 71
63.000000, 0.500000, 71
63.500000, 1.500000, 78
65.000000, 0.500000, 75
65.500000, 0.500000, 73
66.000000, 0.500000, 71
66.500000, 0.500000, 75
67.000000, 0.500000, 73
67.500000, 1.000000, 71
68.500000, 0.500000, 75
69.000000, 0.500000, 73
69.500000, 1.000000, 71
70.500000, 0.500000, 75
71.000000, 0.500000, 73
71.500000, 1.000000, 71
72.500000, 0.500000, 75
73.000000, 0.500000, 73
73.500000, 1.000000, 71
74.500000, 0.500000, 75
75.000000, 0.500000, 73
75.500000, 1.000000, 71
76.500000, 0.500000, 75
77.000000, 0.500000, 73
77.500000, 1.000000, 71
78.500000, 0.500000, 75
79.000000, 0.500000, 73
79.500000, 1.500000, 71
81.000000, 0.500000, 75
81.500000, 0.500000, 73
82.000000, 0.500000, 71
82.500000, 0.500000, 75
83.000000, 0.500000, 73
83.500000, 1.000000, 71
84.500000, 0.500000, 75
85.000000, 0.500000, 73
85.500000, 1.000000, 71
86.500000, 0.500000, 75
87.000000, 0.500000, 73
87.500000, 1.000000, 71
88.500000, 0.500000, 75
89.000000, 0.500000, 73
89.500000, 1.000000, 71
90.500000, 0.500000, 75
91.000000, 0.500000, 73
91.500000, 1.000000, 71
92.500000, 0.500000, 75
93.000000, 0.500000, 73
93.500000, 1.000000, 71
94.500000, 0.500000, 75
95.000000, 0.500000, 73
95.500000, 1.500000, 71
97.000000, 1.000000, 75
98.000000, 1.000000, 71
99.000000, 1.000000, 75
100.000000, 1.000000, 71
101.000000, 0.500000, 75
101.500000, 0.500000, 75
102.000000, 0.500000, 75
102.500000, 0.500000, 73
103.000000, 0.500000, 71
103.500000, 1.500000, 71
105.000000, 0.500000, 75
105.500000, 0.500000, 75
106.000000, 0.500000, 75
106.500000, 0.500000, 73
107.000000, 0.500000, 71
107.500000, 1.500000, 71
109.000000, 0.500000, 75
109.500000, 0.500000, 75
110.000000, 0.500000, 73
110.500000, 0.500000, 71
111.000000, 0.500000, 71
111.500000, 0.500000, 71
113.000000, 0.500000, 78
113.500000, 0.500000, 78
114.000000, 0.500000, 78
114.500000, 0.500000, 78
115.000000, 0.500000, 78
115.500000, 1.500000, 83
117.000000, 0.500000, 71
117.500000, 0.500000, 71
118.000000, 0.500000, 71
118.500000, 0.500000, 71
119.000000, 0.500000, 71
119.500000, 1.500000, 80
121.000000, 0.500000, 71
121.500000, 0.500000, 71
122.000000, 0.500000, 71
122.500000, 0.500000, 71
123.000000, 0.500000, 71
123.500000, 1.500000, 79
125.000000, 0.500000, 71
125.500000, 0.500000, 71
126.000000, 0.500000, 71
126.500000, 0.500000, 71
127.000000, 0.500000, 71
127.500000, 1.500000, 78
129.000000, 0.500000, 75
129.500000, 0.500000, 73
130.000000, 0.500000, 71
130.500000, 0.500000, 75
131.000000, 0.500000, 73
131.500000, 1.500000, 71
133.000000, 1.000000, 75
134.000000, 0.500000, 75
134.500000, 0.500000, 73
135.000000, 0.500000, 71
135.500000, 1.000000, 71
136.500000, 0.500000, 75
137.000000, 0.500000, 75
137.500000, 1.000000, 75
138.500000, 0.500000, 73
139.000000, 0.500000, 71
139.500000, 1.500000, 71
141.000000, 0.500000, 75
141.500000, 0.500000, 75
142.000000, 0.500000, 75
142.500000, 0.500000, 73
143.000000, 0.500000, 71
143.500000, 1.500000, 71
145.000000, 1.000000, 75
146.000000, 1.000000, 71
147.000000, 1.000000, 75
148.000000, 1.000000, 71
149.000000, 0.500000, 75
149.500000, 0.500000, 75
150.000000, 0.500000, 75
150.500000, 0.500000, 73
151.000000, 0.500000, 71
151.500000, 1.500000, 71
153.000000, 0.500000, 75
153.500000, 0.500000, 75
154.000000, 0.500000, 75
154.500000, 0.500000, 73
155.000000, 0.500000, 71
155.500000, 1.000000, 71
156.500000, 0.500000, 75
157.000000, 0.500000, 75
157.500000, 1.000000, 75
158.500000, 0.500000, 73
159.000000, 0.500000, 71
159.500000, 1.500000, 71
161.000000, 0.500000, 78
161.500000, 0.500000, 78
162.000000, 0.500000, 78
162.500000, 0.500000, 78
163.000000, 0.500000, 78
163.500000, 1.500000, 83
165.000000, 0.500000, 71
165.500000, 0.500000, 71
166.000000, 0.500000, 71
166.500000, 0.500000, 71
167.000000, 0.500000, 71
167.500000, 1.500000, 80
169.000000, 0.500000, 71
169.500000, 0.500000, 71
170.000000, 0.500000, 71
170.500000, 0.500000, 71
171.000000, 0.500000, 71
171.500000, 1.500000, 79
173.000000, 0.500000, 71
173.500000, 0.500000, 71
174.000000, 0.500000, 71
174.500000, 0.500000, 71
175.000000, 0.500000, 71
175.500000, 1.500000, 78
177.000000, 0.500000, 75
177.500000, 0.500000, 73
178.000000, 0.500000, 71
178.500000, 0.500000, 75
179.000000, 0.500000, 73
179.500000, 1.500000, 71
181.000000, 0.500000, 75
181.500000, 0.500000, 75
182.000000, 0.500000, 75
182.500000, 0.500000, 73
183.000000, 0.500000, 71
183.500000, 1.500000, 71
185.000000, 0.500000, 75
185.500000, 0.500000, 75
186.000000, 0.500000, 75
186.500000, 0.500000, 73
187.000000, 0.500000, 71
187.500000, 1.000000, 71
188.500000, 0.500000, 75
189.000000, 0.500000, 75
189.500000, 1.000000, 75
190.500000, 0.500000, 73
191.000000, 0.500000, 71
191.500000, 1.500000, 71
193.000000, 0.500000, 78
193.500000, 0.500000, 78
194.000000, 0.500000, 78
194.500000, 0.500000, 80
195.000000, 0.500000, 78
195.500000, 1.000000, 76
196.500000, 0.500000, 78
197.000000, 0.500000, 76
197.500000, 1.000000, 75
198.500000, 0.500000, 76
199.000000, 0.500000, 75
199.500000, 1.500000, 73
201.000000, 0.500000, 75
201.500000, 0.500000, 73
202.000000, 0.500000, 71
202.500000, 0.500000, 75
203.000000, 0.500000, 73
203.500000, 1.000000, 71
204.500000, 0.500000, 74
205.000000, 0.500000, 73
205.500000, 1.000000, 71
206.500000, 0.500000, 74
207.000000, 0.500000, 73
207.500000, 1.500000, 71
209.000000, 0.500000, 75
209.500000, 0.500000, 73
210.000000, 1.000000, 71
211.000000, 0.500000, 75
211.500000, 0.500000, 73
212.000000, 1.000000, 71
213.000000, 0.500000, 75
213.500000, 0.500000, 75
214.000000, 0.500000, 75
214.500000, 0.500000, 73
215.000000, 0.500000, 71
215.500000, 1.500000, 71
217.000000, 0.500000, 75
217.500000, 0.500000, 75
218.000000, 0.500000, 75
218.500000, 0.500000, 73
219.000000, 0.500000, 71
219.500000, 1.500000, 71
221.000000, 0.500000, 75
221.500000, 0.500000, 75
222.000000, 0.500000, 75
222.500000, 0.500000, 73
223.000000, 0.500000, 71
223.500000, 1.500000, 71
225.000000, 0.500000, 75
225.500000, 0.500000, 73
226.000000, 0.500000, 71
226.500000, 0.500000, 75
227.000000, 0.500000, 73
227.500000, 1.500000, 71
229.000000, 0.500000, 75
229.500000, 0.500000, 73
230.000000, 0.500000, 71
230.500000, 0.500000, 75
231.000000, 0.500000, 73
231.500000, 1.500000, 71
233.000000, 0.500000, 75
233.500000, 0.500000, 73
234.000000, 0.500000, 71
234.500000, 0.500000, 75
235.000000, 0.500000, 73
235.500000, 1.000000, 71
236.500000, 0.500000, 75
237.000000, 0.500000, 73
237.500000, 1.000000, 71
238.500000, 0.500000, 75
239.000000, 0.500000, 73
239.500000, 1.500000, 71
241.000000, 1.000000, 75
242.000000, 1.000000, 71
243.000000, 1.000000, 75
244.000000, 1.000000, 71
245.000000, 0.500000, 75
245.500000, 0.500000, 75
246.000000, 0.500000, 75
246.500000, 0.500000, 73
247.000000, 0.500000, 71
247.500000, 1.500000, 71
249.000000, 0.500000, 75
249.500000, 0.500000, 75
250.000000, 0.500000, 75
250.500000, 0.500000, 73
251.000000, 0.500000, 71
251.500000, 1.000000, 71
252.500000, 0.500000, 75
253.000000, 0.500000, 75
253.500000, 1.000000, 75
254.500000, 0.500000, 73
255.000000, 0.500000, 71
255.500000, 1.500000, 71
257.000000, 0.500000, 78
257.500000, 0.500000, 78
258.000000, 0.500000, 78
258.500000, 0.500000, 78
259.000000, 0.500000, 78
259.500000, 1.500000, 83
261.000000, 0.500000, 71
261.500000, 0.500000, 71
262.000000, 0.500000, 71
262.500000, 0.500000, 71
263.000000, 0.500000, 71
263.500000, 1.500000, 80
265.000000, 0.500000, 71
265.500000, 0.500000, 71
266.000000, 0.500000, 71
266.500000, 0.500000, 71
267.000000, 0.500000, 71
267.500000, 1.500000, 79
269.000000, 0.500000, 71
269.500000, 0.500000, 71
270.000000, 0.500000, 71
270.500000, 0.500000, 71
271.000000, 0.500000, 71
271.500000, 1.500000, 78
273.000000, 0.500000, 75
273.500000, 0.500000, 73
274.000000, 0.500000, 71
274.500000, 0.500000, 75
275.000000, 0.500000, 73
275.500000, 1.000000, 71
276.500000, 0.500000, 75
277.000000, 0.500000, 73
277.500000, 1.000000, 71
278.500000, 0.500000, 75
279.000000, 0.500000, 73
279.500000, 1.500000, 71
281.000000, 0.500000, 75
281.500000, 0.500000, 73
282.000000, 0.500000, 71
282.500000, 0.500000, 75
283.000000, 0.500000, 73
283.500000, 1.000000, 71
284.500000, 0.500000, 75
285.000000, 0.500000, 73
285.500000, 1.000000, 71
286.500000, 0.500000, 75
287.000000, 0.500000, 73
287.500000, 1.500000, 71
289.000000, 1.000000, 75
290.000000, 1.000000, 71
291.000000, 1.000000, 75
292.000000, 1.000000, 71
293.000000, 0.500000, 75
293.500000, 0.500000, 75
294.000000, 0.500000, 75
294.500000, 0.500000, 73
295.000000, 0.500000, 71
295.500000, 1.500000, 71
297.000000, 0.500000, 75
297.500000, 0.500000, 75
298.000000, 0.500000, 75
298.500000, 0.500000, 73
299.000000, 0.500000, 71
299.500000, 1.500000, 71
301.000000, 0.500000, 75
301.500000, 0.500000, 75
302.000000, 0.500000, 75
302.500000, 0.500000, 73
303.000000, 0.500000, 71
303.500000, 1.500000, 71
305.000000, 0.500000, 78
305.500000, 0.500000, 78
306.000000, 0.500000, 78
306.500000, 0.500000, 78
307.000000, 0.500000, 78
307.500000, 1.500000, 83
309.000000, 0.500000, 71
309.500000, 0.500000, 71
310.000000, 0.500000, 71
310.500000, 0.500000, 71
311.000000, 0.500000, 71
311.500000, 1.500000, 80
313.000000, 0.500000, 71
313.500000, 0.500000, 71
314.000000, 0.500000, 71
314.500000, 0.500000, 71
315.000000, 0.500000, 71
315.500000, 1.500000, 79
317.000000, 0.500000, 71
317.500000, 0.500000, 71
318.000000, 0.500000, 71
318.500000, 0.500000, 71
319.000000, 0.500000, 71
319.500000, 1.500000, 78
321.000000, 0.500000, 75
321.500000, 0.500000, 73
322.000000, 0.500000, 71
322.500000, 0.500000, 75
323.000000, 0.500000, 73
323.500000, 1.500000, 71
325.000000, 0.500000, 74
325.500000, 0.500000, 73
326.000000, 0.500000, 71
326.500000, 0.500000, 74
327.000000, 0.500000, 73
327.500000, 1.500000, 71
329.000000, 0.500000, 74
329.500000, 0.500000, 73
330.000000, 0.500000, 71
330.500000, 0.500000, 74
331.000000, 0.500000, 73
331.500000, 1.500000, 71
333.000000, 0.500000, 74
333.500000, 0.500000, 72
334.000000, 0.500000, 71
334.500000, 0.500000, 74
335.000000, 0.500000, 72
335.500000, 1.500000, 71
337.000000, 1.000000, 75
338.000000, 1.000000, 71
339.000000, 1.000000, 75
340.000000, 1.000000, 71
341.000000, 0.500000, 75
341.500000, 0.500000, 75
342.000000, 0.500000, 75
342.500000, 0.500000, 73
343.000000, 0.500000, 71
343.500000, 1.500000, 71
345.000000, 0.500000, 75
345.500000, 0.500000, 75
346.000000, 0.500000, 75
346.500000, 0.500000, 73
347.000000, 0.500000, 71
347.500000, 1.500000, 71
349.000000, 0.500000, 75
349.500000, 0.500000, 75
350.000000, 0.500000, 75
350.500000, 0.500000, 73
351.000000, 0.500000, 71
351.500000, 1.500000, 71
353.000000, 0.500000, 75
353.500000, 0.500000, 75
354.000000, 0.500000, 75
354.500000, 0.500000, 73
355.000000, 0.500000, 71
355.500000, 1.500000, 71
357.000000, 0.500000, 75
357.500000, 1.000000, 75
358.500000, 0.500000, 73
359.000000, 0.500000, 71
359.500000, 1.000000, 71
360.500000, 0.500000, 75
361.000000, 0.500000, 75
361.500000, 1.000000, 75
362.500000, 0.500000, 73
363.000000, 0.500000, 71
363.500000, 1.500000, 71
365.000000, 0.500000, 75
365.500000, 1.000000, 75
366.500000, 0.500000, 73
367.000000, 0.500000, 71
367.500000, 1.500000, 71
369.000000, 0.500000, 75
369.500000, 0.500000, 73
370.000000, 0.500000, 71
370.500000, 0.500000, 75
371.000000, 0.500000, 73
371.500000, 1.000000, 71
372.500000, 0.500000, 75
373.000000, 0.500000, 73
373.500000, 1.000000, 71
374.500000, 0.500000, 75
375.000000, 0.500000, 73
375.500000, 1.500000, 71
377.000000, 0.500000, 75
377.500000, 0.500000, 73
378.000000, 0.500000, 71
378.500000, 0.500000, 75
379.000000, 0.500000, 73
379.500000, 1.000000, 71
380.500000, 0.500000, 75
381.000000, 0.500000, 73
381.500000, 1.000000, 71
382.500000, 0.500000, 75
383.000000, 0.500000, 73
383.500000, 0.500000, 71
384.000000, 0.666667, 83
384.666667, 0.666667, 71
385.333333, 0.666667, 71
386.000000, 0.666667, 71
386.666667, 0.666667, 71
387.333333, 1.333333, 81
388.666667, 0.666667, 71
389.333333, 0.666667, 71
390.000000, 0.666667, 71
390.666667, 0.666667, 71
391.333333, 1.333333, 80
392.666667, 0.666667, 71
393.333333, 0.666667, 71
394.000000, 0.666667, 71
394.666667, 0.666667, 71
395.333333, 1.333333, 79
396.666667, 0.666667, 71
397.333333, 0.666667, 71
398.000000, 0.500000, 71
398.500000, 0.833333, 71
399.333333, 1.333333, 78
400.666667, 0.666667, 71
401.333333, 0.666667, 71
402.000000, 0.666667, 71
402.666667, 0.666667, 71
403.333333, 1.333333, 78
404.666667, 0.666667, 71
405.333333, 0.666667, 71
406.000000, 0.666667, 71
406.666667, 0.666667, 71
407.333333, 1.333333, 77
408.666667, 0.666667, 71
409.333333, 0.666667, 71
410.000000, 0.666667, 71
410.666667, 0.666667, 71
411.333333, 1.333333, 76
412.666667, 0.666667, 71
413.333333, 0.666667, 71
414.000000, 0.666667, 71
414.666667, 0.666667, 71
415.333333, 1.333333, 75
416.666667, 0.666667, 71
417.333333, 0.666667, 71
418.000000, 0.666667, 71
418.666667, 0.666667, 71
419.333333, 1.333333, 74
420.666667, 0.666667, 71
421.333333, 0.666667, 71
422.000000, 0.666667, 71
422.666667, 0.666667, 71
423.333333, 1.333333, 73
424.666667, 0.666667, 71
425.333333, 0.666667, 71
426.000000, 0.666667, 71
426.666667, 0.666667, 71
427.333333, 1.333333, 72
428.666667, 0.666667, 71
429.333333, 0.666667, 71
430.000000, 0.666667, 71
430.666667, 0.666667, 71
431.333333, 1.166667, 71
433.000000, 1.000000, 87
434.000000, 0.500000, 83
435.000000, 1.000000, 75
436.000000, 0.500000, 71
