Song: samba_do_aviao

Position, Duration, Pitch
0.000000, 3.000000, 61
3.000000, 1.000000, 59
4.000000, 2.500000, 58
6.500000, 1.000000, 59
7.500000, 4.000000, 62
11.500000, 4.500000, 61
17.500000, 1.000000, 64
18.500000, 1.000000, 62
19.500000, 1.000000, 61
20.500000, 1.000000, 62
21.500000, 1.000000, 64
22.500000, 1.000000, 66
23.500000, 4.500000, 66
28.000000, 2.500000, 64
30.500000, 1.000000, 69
31.500000, 3.000000, 73
34.500000, 1.000000, 71
35.500000, 1.000000, 76
36.500000, 1.000000, 75
37.500000, 1.000000, 74
38.500000, 1.000000, 73
39.500000, 4.000000, 69
43.500000, 4.500000, 71
48.000000, 0.500000, 66
48.500000, 1.000000, 66
49.500000, 0.500000, 66
50.000000, 1.000000, 66
51.000000, 0.500000, 66
51.500000, 1.000000, 66
52.500000, 1.000000, 66
53.500000, 2.500000, 66
56.000000, 0.500000, 66
56.500000, 1.000000, 66
57.500000, 0.500000, 66
58.000000, 1.000000, 66
59.000000, 0.500000, 66
59.500000, 1.000000, 66
60.500000, 0.500000, 66
61.000000, 0.500000, 66
61.500000, 2.500000, 66
64.000000, 3.000000, 61
67.000000, 1.000000, 59
68.000000, 2.500000, 58
70.500000, 1.000000, 59
71.500000, 4.500000, 62
76.500000, 1.000000, 61
77.500000, 1.000000, 60
78.500000, 1.000000, 61
79.500000, 3.000000, 64
82.500000, 1.000000, 62
83.500000, 1.000000, 61
84.500000, 1.000000, 62
85.500000, 1.000000, 64
86.500000, 1.000000, 66
87.500000, 4.000000, 66
91.500000, 4.500000, 64
96.000000, 0.500000, 69
96.500000, 1.000000, 68
97.500000, 1.000000, 67
98.500000, 1.000000, 62
99.500000, 1.000000, 69
100.500000, 1.000000, 68
101.500000, 2.500000, 67
104.000000, 0.500000, 64
104.500000, 1.000000, 63
105.500000, 1.000000, 62
106.500000, 1.000000, 57
107.500000, 1.000000, 64
108.500000, 1.000000, 63
109.500000, 2.500000, 62
112.000000, 0.500000, 69
112.500000, 1.000000, 68
113.500000, 1.000000, 67
114.500000, 1.000000, 62
115.500000, 1.000000, 69
116.500000, 1.000000, 68
117.500000, 2.500000, 67
120.000000, 0.500000, 66
120.500000, 1.000000, 66
121.500000, 0.500000, 67
122.000000, 1.000000, 67
123.000000, 0.500000, 64
123.500000, 1.000000, 64
124.500000, 0.500000, 66
125.000000, 3.000000, 66
128.000000, 0.500000, 69
128.500000, 1.000000, 69
129.500000, 0.500000, 71
130.000000, 1.000000, 71
131.000000, 0.500000, 67
131.500000, 1.000000, 67
132.500000, 0.500000, 69
133.000000, 3.000000, 69
136.500000, 0.500000, 59
137.000000, 0.500000, 55
137.500000, 0.500000, 59
138.000000, 0.500000, 62
138.500000, 0.500000, 59
139.000000, 0.500000, 62
139.500000, 0.500000, 66
140.000000, 0.500000, 62
140.500000, 0.500000, 66
141.000000, 0.500000, 69
141.500000, 0.500000, 66
142.000000, 0.500000, 69
142.500000, 0.500000, 73
143.000000, 0.500000, 74
143.500000, 8.500000, 71
152.000000, 0.500000, 66
152.500000, 0.500000, 66
153.000000, 0.500000, 66
153.500000, 0.500000, 66
154.000000, 0.500000, 66
154.500000, 0.500000, 66
155.000000, 0.500000, 66
155.500000, 0.500000, 66
156.000000, 0.500000, 66
156.500000, 0.500000, 66
157.000000, 0.500000, 66
157.500000, 0.500000, 66
160.000000, 0.500000, 66
160.500000, 0.500000, 66
161.000000, 0.500000, 66
161.500000, 0.500000, 66
162.000000, 0.500000, 66
162.500000, 0.500000, 66
163.000000, 0.500000, 66
163.500000, 0.500000, 66
164.000000, 0.500000, 66
164.500000, 0.500000, 66
165.000000, 0.500000, 66
165.500000, 0.500000, 66
168.000000, 3.000000, 61
171.000000, 1.000000, 59
172.000000, 2.500000, 58
174.500000, 1.000000, 59
175.500000, 4.500000, 62
180.500000, 1.000000, 61
181.500000, 1.000000, 60
182.500000, 1.000000, 61
183.500000, 3.000000, 64
186.500000, 1.000000, 62
187.500000, 1.000000, 61
188.500000, 1.000000, 62
189.500000, 1.000000, 64
190.500000, 1.000000, 66
191.500000, 4.000000, 66
195.500000, 4.500000, 64
200.000000, 0.500000, 69
200.500000, 1.000000, 68
201.500000, 1.000000, 67
202.500000, 1.000000, 62
203.500000, 1.000000, 69
204.500000, 1.000000, 68
205.500000, 2.500000, 67
208.000000, 0.500000, 64
208.500000, 1.000000, 63
209.500000, 1.000000, 62
210.500000, 1.000000, 57
211.500000, 1.000000, 64
212.500000, 1.000000, 63
213.500000, 2.500000, 62
216.000000, 0.500000, 69
216.500000, 1.000000, 68
217.500000, 1.000000, 67
218.500000, 1.000000, 62
219.500000, 1.000000, 69
220.500000, 1.000000, 68
221.500000, 2.500000, 67
224.000000, 0.500000, 66
224.500000, 1.000000, 66
225.500000, 0.500000, 67
226.000000, 1.000000, 67
227.000000, 0.500000, 64
227.500000, 1.000000, 64
228.500000, 0.500000, 66
229.000000, 3.000000, 66
232.000000, 0.500000, 69
232.500000, 1.000000, 69
233.500000, 0.500000, 71
234.000000, 1.000000, 71
235.000000, 0.500000, 67
235.500000, 1.000000, 67
236.500000, 0.500000, 69
237.000000, 3.000000, 69
240.500000, 0.500000, 59
241.000000, 0.500000, 55
241.500000, 0.500000, 59
242.000000, 0.500000, 62
242.500000, 0.500000, 59
243.000000, 0.500000, 62
243.500000, 0.500000, 66
244.000000, 0.500000, 62
244.500000, 0.500000, 66
245.000000, 0.500000, 69
245.500000, 0.500000, 66
246.000000, 0.500000, 69
246.500000, 0.500000, 73
247.000000, 0.500000, 74
247.500000, 8.500000, 71
260.000000, 4.000000, 73
264.000000, 11.000000, 74
