-6.7795799331114255 -2.787323505601011
-6.7795799331114255 -2.787323505601011
-6.7795799331114255 -2.787323505601011
-6.7795799331114255 -2.787323505601011
-6.7795799331114255 -2.787323505601011
-6.7795799331114255 -2.787323505601011
-6.7795799331114255 -2.787323505601011
-6.764874050758484 -2.7899610134882082
-6.764874050758484 -2.7899610134882082
-6.764874050758484 -2.7899610134882082
-6.764874050758484 -2.7899610134882082
-6.764874050758484 -2.7899610134882082
-6.764874050758484 -2.7899610134882082
-6.764874050758484 -2.7899610134882082
-6.73648326915257 -2.800638454332028
-6.73648326915257 -2.800638454332028
-6.73648326915257 -2.800638454332028
-6.73648326915257 -2.800638454332028
-6.73648326915257 -2.800638454332028
-6.73648326915257 -2.800638454332028
-6.73648326915257 -2.800638454332028
-6.65298819277091 -2.803159927577355
-6.65298819277091 -2.803159927577355
-6.65298819277091 -2.803159927577355
-6.65298819277091 -2.803159927577355
-6.65298819277091 -2.803159927577355
-6.65298819277091 -2.803159927577355
-6.65298819277091 -2.803159927577355
-6.624252318987309 -2.8065066146744493
-6.624252318987309 -2.8065066146744493
-6.624252318987309 -2.8065066146744493
-6.624252318987309 -2.8065066146744493
-6.624252318987309 -2.8065066146744493
-6.624252318987309 -2.8065066146744493
-6.616714577451129 -2.818420278090597
-6.616714577451129 -2.818420278090597
-6.616714577451129 -2.818420278090597
-6.616714577451129 -2.818420278090597
-6.616714577451129 -2.818420278090597
-6.616714577451129 -2.818420278090597
-6.569416671596983 -2.824528366332932
-6.569416671596983 -2.824528366332932
-6.569416671596983 -2.824528366332932
-6.569416671596983 -2.824528366332932
-6.569416671596983 -2.824528366332932
-6.569416671596983 -2.824528366332932
-6.563554816114374 -2.843980315697059
-6.563554816114374 -2.843980315697059
-6.563554816114374 -2.843980315697059
-6.563554816114374 -2.843980315697059
-6.563554816114374 -2.843980315697059
-6.563554816114374 -2.843980315697059
-6.56320160667045 -2.8453425019217784
-6.56320160667045 -2.8453425019217784
-6.56320160667045 -2.8453425019217784
-6.56320160667045 -2.8453425019217784
-6.56320160667045 -2.8453425019217784
-6.56320160667045 -2.8453425019217784
-6.544081077925375 -2.8487526255096127
-6.544081077925375 -2.8487526255096127
-6.544081077925375 -2.8487526255096127
-6.544081077925375 -2.8487526255096127
-6.544081077925375 -2.8487526255096127
-6.544081077925375 -2.8487526255096127
-6.544081077925375 -2.8487526255096127
-6.521099156245743 -2.8519534883857363
-6.521099156245743 -2.8519534883857363
-6.521099156245743 -2.8519534883857363
-6.521099156245743 -2.8519534883857363
-6.521099156245743 -2.8519534883857363
-6.521099156245743 -2.8519534883857363
-6.511418578278597 -2.856456555913177
-6.511418578278597 -2.856456555913177
-6.511418578278597 -2.856456555913177
-6.511418578278597 -2.856456555913177
-6.511418578278597 -2.856456555913177
-6.511418578278597 -2.856456555913177
-6.5044117454255534 -2.865573410736127
-6.5044117454255534 -2.865573410736127
-6.5044117454255534 -2.865573410736127
-6.5044117454255534 -2.865573410736127
-6.5044117454255534 -2.865573410736127
-6.5044117454255534 -2.865573410736127
-6.485407622109112 -2.866175605696733
-6.485407622109112 -2.866175605696733
-6.485407622109112 -2.866175605696733
-6.485407622109112 -2.866175605696733
-6.485407622109112 -2.866175605696733
-6.485407622109112 -2.866175605696733
-6.472443773057535 -2.875992353521688
-6.472443773057535 -2.875992353521688
-6.472443773057535 -2.875992353521688
-6.472443773057535 -2.875992353521688
-6.472443773057535 -2.875992353521688
-6.472443773057535 -2.875992353521688
-6.470023006724497 -2.8765946977184056
-6.470023006724497 -2.8765946977184056
-6.470023006724497 -2.8765946977184056
-6.470023006724497 -2.8765946977184056
-6.470023006724497 -2.8765946977184056
-6.470023006724497 -2.8765946977184056
-6.45569812377355 -2.879800873789576
-6.45569812377355 -2.879800873789576
-6.45569812377355 -2.879800873789576
-6.45569812377355 -2.879800873789576
-6.45569812377355 -2.879800873789576
-6.45569812377355 -2.879800873789576
-6.421605747922379 -2.883329447164927
-6.421605747922379 -2.883329447164927
-6.421605747922379 -2.883329447164927
-6.421605747922379 -2.883329447164927
-6.421605747922379 -2.883329447164927
-6.421605747922379 -2.883329447164927
-6.421605747922379 -2.883329447164927
-6.399019612803778 -2.8905508240329327
-6.399019612803778 -2.8905508240329327
-6.399019612803778 -2.8905508240329327
-6.399019612803778 -2.8905508240329327
-6.399019612803778 -2.8905508240329327
-6.399019612803778 -2.8905508240329327
-6.399019612803778 -2.8905508240329327
-6.382890580545714 -2.895112775504448
-6.382890580545714 -2.895112775504448
-6.382890580545714 -2.895112775504448
-6.382890580545714 -2.895112775504448
-6.382890580545714 -2.895112775504448
-6.382890580545714 -2.895112775504448
-6.37526325397283 -2.8954158773767675
-6.37526325397283 -2.8954158773767675
-6.37526325397283 -2.8954158773767675
-6.37526325397283 -2.8954158773767675
-6.37526325397283 -2.8954158773767675
-6.37526325397283 -2.8954158773767675
-6.370264467194723 -2.8991329302723776
-6.370264467194723 -2.8991329302723776
-6.370264467194723 -2.8991329302723776
-6.370264467194723 -2.8991329302723776
-6.370264467194723 -2.8991329302723776
-6.370264467194723 -2.8991329302723776
-6.360111738821315 -2.9054486077948694
-6.360111738821315 -2.9054486077948694
-6.360111738821315 -2.9054486077948694
-6.360111738821315 -2.9054486077948694
-6.360111738821315 -2.9054486077948694
-6.360111738821315 -2.9054486077948694
-6.32426769367145 -2.9104997680909617
-6.32426769367145 -2.9104997680909617
-6.32426769367145 -2.9104997680909617
-6.32426769367145 -2.9104997680909617
-6.32426769367145 -2.9104997680909617
-6.32426769367145 -2.9104997680909617
-6.323685721695318 -2.9108187011056486
-6.323685721695318 -2.9108187011056486
-6.323685721695318 -2.9108187011056486
-6.323685721695318 -2.9108187011056486
-6.323685721695318 -2.9108187011056486
-6.323685721695318 -2.9108187011056486
-6.258621425145415 -2.91308197168358
-6.258621425145415 -2.91308197168358
-6.258621425145415 -2.91308197168358
-6.258621425145415 -2.91308197168358
-6.258621425145415 -2.91308197168358
-6.258621425145415 -2.91308197168358
-6.258621425145415 -2.91308197168358
-6.175905491379311 -2.9181441231067784
-6.175905491379311 -2.9181441231067784
-6.175905491379311 -2.9181441231067784
-6.175905491379311 -2.9181441231067784
-6.175905491379311 -2.9181441231067784
-6.175905491379311 -2.9181441231067784
-6.175905491379311 -2.9181441231067784
-6.159645328777685 -2.9321243121779528
-6.159645328777685 -2.9321243121779528
-6.159645328777685 -2.9321243121779528
-6.159645328777685 -2.9321243121779528
-6.159645328777685 -2.9321243121779528
-6.159645328777685 -2.9321243121779528
-6.118475180069434 -2.933519479710034
-6.118475180069434 -2.933519479710034
-6.118475180069434 -2.933519479710034
-6.118475180069434 -2.933519479710034
-6.118475180069434 -2.933519479710034
-6.118475180069434 -2.933519479710034
-6.118475180069434 -2.933519479710034
-6.057296239451252 -2.9347139311245387
-6.057296239451252 -2.9347139311245387
-6.057296239451252 -2.9347139311245387
-6.057296239451252 -2.9347139311245387
-6.057296239451252 -2.9347139311245387
-6.057296239451252 -2.9347139311245387
-6.057296239451252 -2.9347139311245387
-6.022037348295545 -2.9566811786795832
-6.022037348295545 -2.9566811786795832
-6.022037348295545 -2.9566811786795832
-6.022037348295545 -2.9566811786795832
-6.022037348295545 -2.9566811786795832
-6.022037348295545 -2.9566811786795832
-6.022037348295545 -2.9566811786795832
-6.006885833144031 -2.9797654868110968
-6.006885833144031 -2.9797654868110968
-6.006885833144031 -2.9797654868110968
-6.006885833144031 -2.9797654868110968
-6.006885833144031 -2.9797654868110968
-6.006885833144031 -2.9797654868110968
-5.972759734836476 -2.980907907426766
-5.972759734836476 -2.980907907426766
-5.972759734836476 -2.980907907426766
-5.972759734836476 -2.980907907426766
-5.972759734836476 -2.980907907426766
-5.972759734836476 -2.980907907426766
-5.972759734836476 -2.980907907426766
-5.94114992659133 -2.990852388839027
-5.94114992659133 -2.990852388839027
-5.94114992659133 -2.990852388839027
-5.94114992659133 -2.990852388839027
-5.94114992659133 -2.990852388839027
-5.94114992659133 -2.990852388839027
-5.94114992659133 -2.990852388839027
-5.91669461149838 -3.0008010818704562
-5.91669461149838 -3.0008010818704562
-5.91669461149838 -3.0008010818704562
-5.91669461149838 -3.0008010818704562
-5.91669461149838 -3.0008010818704562
-5.91669461149838 -3.0008010818704562
-5.91669461149838 -3.0008010818704562
-5.907075473393584 -3.0185664580722196
-5.907075473393584 -3.0185664580722196
-5.907075473393584 -3.0185664580722196
-5.907075473393584 -3.0185664580722196
-5.907075473393584 -3.0185664580722196
-5.907075473393584 -3.0185664580722196
-5.907075473393584 -3.0185664580722196
-5.891075473393584 -3.0305189876236875
-5.891075473393584 -3.0305189876236875
-5.891075473393584 -3.0305189876236875
-5.891075473393584 -3.0305189876236875
-5.891075473393584 -3.0305189876236875
-5.891075473393584 -3.0305189876236875
-5.891075473393584 -3.0305189876236875
-5.886626348081934 -3.0335391787134607
-5.886626348081934 -3.0335391787134607
-5.886626348081934 -3.0335391787134607
-5.886626348081934 -3.0335391787134607
-5.886626348081934 -3.0335391787134607
-5.886626348081934 -3.0335391787134607
-5.879638190592948 -3.039383464395986
-5.879638190592948 -3.039383464395986
-5.879638190592948 -3.039383464395986
-5.879638190592948 -3.039383464395986
-5.879638190592948 -3.039383464395986
-5.879638190592948 -3.039383464395986
-5.849332097296017 -3.043505695608334
-5.849332097296017 -3.043505695608334
-5.849332097296017 -3.043505695608334
-5.849332097296017 -3.043505695608334
-5.849332097296017 -3.043505695608334
-5.849332097296017 -3.043505695608334
-5.849332097296017 -3.043505695608334
-5.834064921723498 -3.05958611205148
-5.834064921723498 -3.05958611205148
-5.834064921723498 -3.05958611205148
-5.834064921723498 -3.05958611205148
-5.834064921723498 -3.05958611205148
-5.834064921723498 -3.05958611205148
-5.834064921723498 -3.05958611205148
-5.769910459404729 -3.0710816638038967
-5.769910459404729 -3.0710816638038967
-5.769910459404729 -3.0710816638038967
-5.769910459404729 -3.0710816638038967
-5.769910459404729 -3.0710816638038967
-5.769910459404729 -3.0710816638038967
-5.769910459404729 -3.0710816638038967
-5.75700966511317 -3.1310605218896663
-5.75700966511317 -3.1310605218896663
-5.75700966511317 -3.1310605218896663
-5.75700966511317 -3.1310605218896663
-5.75700966511317 -3.1310605218896663
-5.75700966511317 -3.1310605218896663
-5.75700966511317 -3.1310605218896663
-5.737458428079746 -3.1467038124659013
-5.737458428079746 -3.1467038124659013
-5.737458428079746 -3.1467038124659013
-5.737458428079746 -3.1467038124659013
-5.737458428079746 -3.1467038124659013
-5.737458428079746 -3.1467038124659013
-5.737458428079746 -3.1467038124659013
-5.711254089083339 -3.1561048325040897
-5.711254089083339 -3.1561048325040897
-5.711254089083339 -3.1561048325040897
-5.711254089083339 -3.1561048325040897
-5.711254089083339 -3.1561048325040897
-5.711254089083339 -3.1561048325040897
-5.711254089083339 -3.1561048325040897
-5.688852334475033 -3.2514073603097255
-5.688852334475033 -3.2514073603097255
-5.688852334475033 -3.2514073603097255
-5.688852334475033 -3.2514073603097255
-5.688852334475033 -3.2514073603097255
-5.688852334475033 -3.2514073603097255
-5.688852334475033 -3.2514073603097255
