-2.1137319141283557 -0.6793160072298927
-2.1137319141283557 -0.6793160072298927
-2.1137319141283557 -0.6793160072298927
-2.1137319141283557 -0.6793160072298927
-2.1137319141283557 -0.6793160072298927
-2.1137319141283557 -0.6793160072298927
-2.1137319141283557 -0.6793160072298927
-2.106829539508111 -0.6826706377451431
-1.972540360583861 -0.6952685567259735
-1.972540360583861 -0.6952685567259735
-1.972540360583861 -0.6952685567259735
-1.972540360583861 -0.6952685567259735
-1.972540360583861 -0.6952685567259735
-1.972540360583861 -0.6952685567259735
-1.972540360583861 -0.6952685567259735
-1.9656430988301448 -0.6967010437661589
-1.9656430988301448 -0.6967010437661589
-1.9656430988301448 -0.6967010437661589
-1.9656430988301448 -0.6967010437661589
-1.9656430988301448 -0.6967010437661589
-1.9656430988301448 -0.6967010437661589
-1.9350421448640411 -0.6967834770020702
-1.9350421448640411 -0.6967834770020702
-1.9350421448640411 -0.6967834770020702
-1.9350421448640411 -0.6967834770020702
-1.9350421448640411 -0.6967834770020702
-1.9350421448640411 -0.6967834770020702
-1.9350421448640411 -0.6967834770020702
-1.8939533045659735 -0.7005269144652406
-1.8939533045659735 -0.7005269144652406
-1.8939533045659735 -0.7005269144652406
-1.8939533045659735 -0.7005269144652406
-1.8939533045659735 -0.7005269144652406
-1.8939533045659735 -0.7005269144652406
-1.8939533045659735 -0.7005269144652406
-1.835405559542775 -0.7019708856594611
-1.835405559542775 -0.7019708856594611
-1.835405559542775 -0.7019708856594611
-1.835405559542775 -0.7019708856594611
-1.835405559542775 -0.7019708856594611
-1.835405559542775 -0.7019708856594611
-1.835405559542775 -0.7019708856594611
-1.829134908079072 -0.7058900731587411
-1.829134908079072 -0.7058900731587411
-1.829134908079072 -0.7058900731587411
-1.829134908079072 -0.7058900731587411
-1.829134908079072 -0.7058900731587411
-1.829134908079072 -0.7058900731587411
-1.806994332166942 -0.7062188447466023
-1.806994332166942 -0.7062188447466023
-1.806994332166942 -0.7062188447466023
-1.806994332166942 -0.7062188447466023
-1.806994332166942 -0.7062188447466023
-1.806994332166942 -0.7062188447466023
-1.806994332166942 -0.7062188447466023
-1.3564444676681124 -0.7201970935293452
-1.3564444676681124 -0.7201970935293452
-1.3564444676681124 -0.7201970935293452
-1.3564444676681124 -0.7201970935293452
-1.3564444676681124 -0.7201970935293452
-1.3564444676681124 -0.7201970935293452
-1.3564444676681124 -0.7201970935293452
-1.3500003806896688 -0.7304421239922099
-1.3500003806896688 -0.7304421239922099
-1.3500003806896688 -0.7304421239922099
-1.3500003806896688 -0.7304421239922099
-1.3500003806896688 -0.7304421239922099
-1.3500003806896688 -0.7304421239922099
-1.3500003806896688 -0.7304421239922099
-1.34366056208635 -0.7411022131573225
-1.34366056208635 -0.7411022131573225
-1.34366056208635 -0.7411022131573225
-1.34366056208635 -0.7411022131573225
-1.34366056208635 -0.7411022131573225
-1.34366056208635 -0.7411022131573225
-1.201317289071147 -0.7420770690253886
-1.201317289071147 -0.7420770690253886
-1.201317289071147 -0.7420770690253886
-1.201317289071147 -0.7420770690253886
-1.201317289071147 -0.7420770690253886
-1.201317289071147 -0.7420770690253886
-1.201317289071147 -0.7420770690253886
-1.062657993465551 -0.7434617810432913
-1.062657993465551 -0.7434617810432913
-1.062657993465551 -0.7434617810432913
-1.062657993465551 -0.7434617810432913
-1.062657993465551 -0.7434617810432913
-1.062657993465551 -0.7434617810432913
-1.0565475338248982 -0.7551539340402168
-1.0565475338248982 -0.7551539340402168
-1.0565475338248982 -0.7551539340402168
-1.0565475338248982 -0.7551539340402168
-1.0565475338248982 -0.7551539340402168
-1.0565475338248982 -0.7551539340402168
-1.0565475338248982 -0.7551539340402168
-1.037682502051342 -0.7567572126672459
-1.037682502051342 -0.7567572126672459
-1.031920957037118 -0.7583884153201155
-0.9975711724963768 -0.7635714919520757
-0.9915700563474205 -0.7636337888929101
-0.9915700563474205 -0.7636337888929101
-0.9915700563474205 -0.7636337888929101
-0.9915700563474205 -0.7636337888929101
-0.9915700563474205 -0.7636337888929101
-0.9915700563474205 -0.7636337888929101
-0.9915700563474205 -0.7636337888929101
-0.9886695493319295 -0.7739933668627537
-0.9886695493319295 -0.7739933668627537
-0.9886695493319295 -0.7739933668627537
-0.9886695493319295 -0.7739933668627537
-0.9886695493319295 -0.7739933668627537
-0.9886695493319295 -0.7739933668627537
-0.9856714516082586 -0.7741742415236763
-0.9856714516082586 -0.7741742415236763
-0.9856714516082586 -0.7741742415236763
-0.9856714516082586 -0.7741742415236763
-0.9856714516082586 -0.7741742415236763
-0.9856714516082586 -0.7741742415236763
-0.9440704510386553 -0.7758468074835501
-0.9440704510386553 -0.7758468074835501
-0.9440704510386553 -0.7758468074835501
-0.9440704510386553 -0.7758468074835501
-0.9440704510386553 -0.7758468074835501
-0.9440704510386553 -0.7758468074835501
-0.9440704510386553 -0.7758468074835501
-0.938351732991014 -0.7784312817849519
-0.938351732991014 -0.7784312817849519
-0.938351732991014 -0.7784312817849519
-0.938351732991014 -0.7784312817849519
-0.938351732991014 -0.7784312817849519
-0.938351732991014 -0.7784312817849519
-0.9372250659933765 -0.7814691420151035
-0.9372250659933765 -0.7814691420151035
-0.9372250659933765 -0.7814691420151035
-0.9372250659933765 -0.7814691420151035
-0.9372250659933765 -0.7814691420151035
-0.9372250659933765 -0.7814691420151035
-0.9372250659933765 -0.7814691420151035
-0.9315489040395166 -0.7844755084457269
-0.9315489040395166 -0.7844755084457269
-0.9315489040395166 -0.7844755084457269
-0.9315489040395166 -0.7844755084457269
-0.9315489040395166 -0.7844755084457269
-0.9315489040395166 -0.7844755084457269
-0.9315489040395166 -0.7844755084457269
-0.9003816746876839 -0.7914863859829123
-0.9003816746876839 -0.7914863859829123
-0.9003816746876839 -0.7914863859829123
-0.9003816746876839 -0.7914863859829123
-0.9003816746876839 -0.7914863859829123
-0.9003816746876839 -0.7914863859829123
-0.9003816746876839 -0.7914863859829123
-0.8828551811041625 -0.7940000214387348
-0.8828551811041625 -0.7940000214387348
-0.8828551811041625 -0.7940000214387348
-0.8828551811041625 -0.7940000214387348
-0.8828551811041625 -0.7940000214387348
-0.8828551811041625 -0.7940000214387348
-0.8828551811041625 -0.7940000214387348
-0.8772095157457733 -0.7955208463625262
-0.8772095157457733 -0.7955208463625262
-0.8772095157457733 -0.7955208463625262
-0.8772095157457733 -0.7955208463625262
-0.8772095157457733 -0.7955208463625262
-0.8772095157457733 -0.7955208463625262
-0.8716579983877709 -0.7986660064492415
-0.8716579983877709 -0.7986660064492415
-0.8716579983877709 -0.7986660064492415
-0.8716579983877709 -0.7986660064492415
-0.8716579983877709 -0.7986660064492415
-0.8716579983877709 -0.7986660064492415
-0.8716579983877709 -0.7986660064492415
-0.870008822975477 -0.8006172918378749
-0.870008822975477 -0.8006172918378749
-0.870008822975477 -0.8006172918378749
-0.870008822975477 -0.8006172918378749
-0.870008822975477 -0.8006172918378749
-0.870008822975477 -0.8006172918378749
-0.870008822975477 -0.8006172918378749
-0.8645773061166805 -0.8041743887638887
-0.8645773061166805 -0.8041743887638887
-0.8645773061166805 -0.8041743887638887
-0.8645773061166805 -0.8041743887638887
-0.8645773061166805 -0.8041743887638887
-0.8645773061166805 -0.8041743887638887
-0.8645773061166805 -0.8041743887638887
-0.8578300896594654 -0.810017143663901
-0.8578300896594654 -0.810017143663901
-0.8578300896594654 -0.810017143663901
-0.8578300896594654 -0.810017143663901
-0.8578300896594654 -0.810017143663901
-0.8578300896594654 -0.810017143663901
-0.8473148777033291 -0.8106973868013833
-0.8473148777033291 -0.8106973868013833
-0.8473148777033291 -0.8106973868013833
-0.8473148777033291 -0.8106973868013833
-0.8473148777033291 -0.8106973868013833
-0.8473148777033291 -0.8106973868013833
-0.8403613792244069 -0.8131917072246753
-0.8403613792244069 -0.8131917072246753
-0.8403613792244069 -0.8131917072246753
-0.8403613792244069 -0.8131917072246753
-0.8403613792244069 -0.8131917072246753
-0.8403613792244069 -0.8131917072246753
-0.8403613792244069 -0.8131917072246753
-0.8352766600275601 -0.8194834131921724
-0.8268205342098438 -0.825989885506517
-0.8268205342098438 -0.825989885506517
-0.8268205342098438 -0.825989885506517
-0.8219503950564041 -0.8365288078394875
-0.8219503950564041 -0.8365288078394875
-0.8219503950564041 -0.8365288078394875
-0.8219503950564041 -0.8365288078394875
-0.8110383562924527 -0.8486722992765896
-0.806414942414689 -0.8512136003979607
-0.806414942414689 -0.8512136003979607
-0.806414942414689 -0.8512136003979607
-0.806414942414689 -0.8512136003979607
-0.8018622690524342 -0.8552705778342544
-0.8018622690524342 -0.8552705778342544
-0.8018622690524342 -0.8552705778342544
-0.8018622690524342 -0.8552705778342544
-0.8018622690524342 -0.8552705778342544
-0.8018622690524342 -0.8552705778342544
-0.8018622690524342 -0.8552705778342544
-0.7973787229192421 -0.8699483432407692
-0.7973787229192421 -0.8699483432407692
-0.7973787229192421 -0.8699483432407692
-0.7973787229192421 -0.8699483432407692
-0.7973787229192421 -0.8699483432407692
-0.7973787229192421 -0.8699483432407692
-0.7973787229192421 -0.8699483432407692
-0.7722579401223788 -0.8790356612715653
-0.7671652873751582 -0.8907192240192617
-0.7671652873751582 -0.8907192240192617
-0.7671652873751582 -0.8907192240192617
-0.7671652873751582 -0.8907192240192617
-0.7671652873751582 -0.8907192240192617
-0.7671652873751582 -0.8907192240192617
-0.7671652873751582 -0.8907192240192617
-0.7383676662829424 -0.8912570787276288
-0.7383676662829424 -0.8912570787276288
-0.7383676662829424 -0.8912570787276288
-0.7383676662829424 -0.8912570787276288
-0.7383676662829424 -0.8912570787276288
-0.7313208377983677 -0.9287136831042089
-0.7313208377983677 -0.9287136831042089
-0.7232236718064647 -0.9323466384826083
-0.7232236718064647 -0.9323466384826083
-0.7187961636756817 -0.9342644372259895
-0.7187961636756817 -0.9342644372259895
-0.7144386360758027 -0.9494022557983132
-0.7144386360758027 -0.9494022557983132
-0.7144386360758027 -0.9494022557983132
-0.7144386360758027 -0.9494022557983132
-0.7144386360758027 -0.9494022557983132
-0.6914448106169745 -0.9749742323537627
-0.6914448106169745 -0.9749742323537627
-0.6872283422128225 -0.9832201247466998
-0.6872283422128225 -0.9832201247466998
-0.6872283422128225 -0.9832201247466998
-0.6872283422128225 -0.9832201247466998
-0.6872283422128225 -0.9832201247466998
-0.6872283422128225 -0.9832201247466998
-0.6872283422128225 -0.9832201247466998
-0.6859378346108416 -0.9860916158059467
-0.6859378346108416 -0.9860916158059467
-0.6859378346108416 -0.9860916158059467
-0.6859378346108416 -0.9860916158059467
-0.6859378346108416 -0.9860916158059467
-0.6838908447798604 -0.9971189493280764
-0.6838908447798604 -0.9971189493280764
-0.6778799158181117 -0.9992707616150109
-0.6778799158181117 -0.9992707616150109
-0.6778799158181117 -0.9992707616150109
-0.6778799158181117 -0.9992707616150109
-0.6767779874434561 -1.0001954854785957
-0.6767779874434561 -1.0001954854785957
-0.6767779874434561 -1.0001954854785957
-0.6767779874434561 -1.0001954854785957
-0.6767779874434561 -1.0001954854785957
-0.6739459316046851 -1.0090478220226988
-0.6739459316046851 -1.0090478220226988
-0.6739459316046851 -1.0090478220226988
-0.6739459316046851 -1.0090478220226988
-0.6739459316046851 -1.0090478220226988
-0.6739459316046851 -1.0090478220226988
-0.6739459316046851 -1.0090478220226988
-0.6699117883280719 -1.0313395166604495
-0.6699117883280719 -1.0313395166604495
-0.6699117883280719 -1.0313395166604495
-0.6699117883280719 -1.0313395166604495
-0.6688098599534162 -1.0459452399306775
-0.6688098599534162 -1.0459452399306775
-0.6688098599534162 -1.0459452399306775
-0.6660407932647642 -1.0544818608441395
-0.6660407932647642 -1.0544818608441395
-0.6660407932647642 -1.0544818608441395
-0.6660407932647642 -1.0544818608441395
-0.6660407932647642 -1.0544818608441395
