-2.8642319946650856 -1.7482721333198523
-2.8642319946650856 -1.7482721333198523
-2.8642319946650856 -1.7482721333198523
-2.8642319946650856 -1.7482721333198523
-2.8642319946650856 -1.7482721333198523
-2.8642319946650856 -1.7482721333198523
-2.8642319946650856 -1.7482721333198523
-2.8642319946650856 -1.7482721333198523
-2.8642319946650856 -1.7482721333198523
-2.8642319946650856 -1.7482721333198523
-2.8642319946650856 -1.7482721333198523
-2.8642319946650856 -1.7482721333198523
-2.8642319946650856 -1.7482721333198523
-2.8417855514176327 -1.752823517095434
-2.8417855514176327 -1.752823517095434
-2.8417855514176327 -1.752823517095434
-2.8417855514176327 -1.752823517095434
-2.8417855514176327 -1.752823517095434
-2.8238443774042694 -1.7770978302186347
-2.8238443774042694 -1.7770978302186347
-2.8238443774042694 -1.7770978302186347
-2.8238443774042694 -1.7770978302186347
-2.8238443774042694 -1.7770978302186347
-2.8238443774042694 -1.7770978302186347
-2.8238443774042694 -1.7770978302186347
-2.8238443774042694 -1.7770978302186347
-2.8238443774042694 -1.7770978302186347
-2.8238443774042694 -1.7770978302186347
-2.8238443774042694 -1.7770978302186347
-2.8238443774042694 -1.7770978302186347
-2.8238443774042694 -1.7770978302186347
-2.8238443774042694 -1.7770978302186347
-2.8238443774042694 -1.7770978302186347
-2.8238443774042694 -1.7770978302186347
-2.8238443774042694 -1.7770978302186347
-2.8238443774042694 -1.7770978302186347
-2.8238443774042694 -1.7770978302186347
-2.8238443774042694 -1.7770978302186347
-2.8238443774042694 -1.7770978302186347
-2.7466258301602147 -1.7786203116488681
-2.7466258301602147 -1.7786203116488681
-2.7466258301602147 -1.7786203116488681
-2.7466258301602147 -1.7786203116488681
-2.671779917314649 -1.779979234179777
-2.671779917314649 -1.779979234179777
-2.671779917314649 -1.779979234179777
-2.671779917314649 -1.779979234179777
-2.671779917314649 -1.779979234179777
-2.671779917314649 -1.779979234179777
-2.671779917314649 -1.779979234179777
-2.671779917314649 -1.779979234179777
-2.671779917314649 -1.779979234179777
-2.671779917314649 -1.779979234179777
-2.671779917314649 -1.779979234179777
-2.671779917314649 -1.779979234179777
-2.671779917314649 -1.779979234179777
-2.671779917314649 -1.779979234179777
-2.671779917314649 -1.779979234179777
-2.671779917314649 -1.779979234179777
-2.671779917314649 -1.779979234179777
-2.671779917314649 -1.779979234179777
-2.671779917314649 -1.779979234179777
-2.671779917314649 -1.779979234179777
-2.671779917314649 -1.779979234179777
-2.671779917314649 -1.779979234179777
-2.671779917314649 -1.779979234179777
-2.671779917314649 -1.779979234179777
-2.671779917314649 -1.779979234179777
-2.671779917314649 -1.779979234179777
-2.671779917314649 -1.779979234179777
-2.671779917314649 -1.779979234179777
-2.671779917314649 -1.779979234179777
-2.671779917314649 -1.779979234179777
-2.671779917314649 -1.779979234179777
-2.671779917314649 -1.779979234179777
-2.671779917314649 -1.779979234179777
-2.671779917314649 -1.779979234179777
-2.671779917314649 -1.779979234179777
-2.671779917314649 -1.779979234179777
-2.6432822758634433 -1.780561037435811
-2.6425186420722135 -1.79869695106161
-2.628741425499966 -1.806982841323294
-2.598454535397525 -1.8100188135274813
-2.598454535397525 -1.8100188135274813
-2.5832188114276877 -1.8130264223662809
-2.5832188114276877 -1.8130264223662809
-2.5646483765299575 -1.8138862310836712
-2.5646483765299575 -1.8138862310836712
-2.5646483765299575 -1.8138862310836712
-2.5646483765299575 -1.8138862310836712
-2.5646483765299575 -1.8138862310836712
-2.5646483765299575 -1.8138862310836712
-2.5029886574981006 -1.8177792638671053
-2.5029886574981006 -1.8177792638671053
-2.5029886574981006 -1.8177792638671053
-2.5029886574981006 -1.8177792638671053
-2.496891639042039 -1.8363752120490868
-2.496891639042039 -1.8363752120490868
-2.496891639042039 -1.8363752120490868
-2.496891639042039 -1.8363752120490868
-2.496891639042039 -1.8363752120490868
-2.475889893982703 -1.8414293135443893
-2.475889893982703 -1.8414293135443893
-2.475889893982703 -1.8414293135443893
-2.475889893982703 -1.8414293135443893
-2.475889893982703 -1.8414293135443893
-2.475889893982703 -1.8414293135443893
-2.475889893982703 -1.8414293135443893
-2.475889893982703 -1.8414293135443893
-2.475889893982703 -1.8414293135443893
-2.475889893982703 -1.8414293135443893
-2.475889893982703 -1.8414293135443893
-2.475889893982703 -1.8414293135443893
-2.475889893982703 -1.8414293135443893
-2.475889893982703 -1.8414293135443893
-2.4494175658817916 -1.8479629368677
-2.4494175658817916 -1.8479629368677
-2.4494175658817916 -1.8479629368677
-2.4494175658817916 -1.8479629368677
-2.4494175658817916 -1.8479629368677
-2.4494175658817916 -1.8479629368677
-2.4494175658817916 -1.8479629368677
-2.4494175658817916 -1.8479629368677
-2.4494175658817916 -1.8479629368677
-2.4494175658817916 -1.8479629368677
-2.4494175658817916 -1.8479629368677
-2.4494175658817916 -1.8479629368677
-2.4494175658817916 -1.8479629368677
-2.4494175658817916 -1.8479629368677
-2.4494175658817916 -1.8479629368677
-2.4494175658817916 -1.8479629368677
-2.4494175658817916 -1.8479629368677
-2.4494175658817916 -1.8479629368677
-2.4494175658817916 -1.8479629368677
-2.4284923004707553 -1.8515277802651924
-2.4284923004707553 -1.8515277802651924
-2.4284923004707553 -1.8515277802651924
-2.4284923004707553 -1.8515277802651924
-2.4284923004707553 -1.8515277802651924
-2.4284923004707553 -1.8515277802651924
-2.4284923004707553 -1.8515277802651924
-2.4284923004707553 -1.8515277802651924
-2.4284923004707553 -1.8515277802651924
-2.4284923004707553 -1.8515277802651924
-2.4284923004707553 -1.8515277802651924
-2.4284923004707553 -1.8515277802651924
-2.4284923004707553 -1.8515277802651924
-2.4284923004707553 -1.8515277802651924
-2.4284923004707553 -1.8515277802651924
-2.4284923004707553 -1.8515277802651924
-2.4284923004707553 -1.8515277802651924
-2.4284923004707553 -1.8515277802651924
-2.4284923004707553 -1.8515277802651924
-2.4284923004707553 -1.8515277802651924
-2.4284923004707553 -1.8515277802651924
-2.4284923004707553 -1.8515277802651924
-2.4284923004707553 -1.8515277802651924
-2.4284923004707553 -1.8515277802651924
-2.4275987987168106 -1.8517228938292134
-2.4032951666496936 -1.852192561715065
-2.4032951666496936 -1.852192561715065
-2.3891291869181406 -1.8604554212182969
-2.3860935821697096 -1.8625253709008363
-2.380462889858503 -1.870561085146207
-2.380462889858503 -1.870561085146207
-2.380462889858503 -1.870561085146207
-2.380462889858503 -1.870561085146207
-2.380462889858503 -1.870561085146207
-2.380462889858503 -1.870561085146207
-2.380462889858503 -1.870561085146207
-2.380462889858503 -1.870561085146207
-2.380462889858503 -1.870561085146207
-2.380462889858503 -1.870561085146207
-2.380462889858503 -1.870561085146207
-2.380462889858503 -1.870561085146207
-2.380462889858503 -1.870561085146207
-2.380462889858503 -1.870561085146207
-2.380462889858503 -1.870561085146207
-2.380462889858503 -1.870561085146207
-2.380462889858503 -1.870561085146207
-2.380462889858503 -1.870561085146207
-2.380462889858503 -1.870561085146207
-2.380462889858503 -1.870561085146207
-2.380462889858503 -1.870561085146207
-2.377107302941419 -1.882700607863471
-2.377107302941419 -1.882700607863471
-2.377107302941419 -1.882700607863471
-2.362887213188418 -1.884988276286458
-2.362887213188418 -1.884988276286458
-2.331871661489521 -1.8901682438193297
-2.3035889431683603 -1.9036086049378194
-2.3035889431683603 -1.9036086049378194
-2.2550851370345923 -1.9145179275504747
-2.2344050566235603 -1.931676110880368
-2.2344050566235603 -1.931676110880368
-2.229925773308891 -1.936771530193877
-2.2287652504991775 -1.9368913325509776
-2.2287652504991775 -1.9368913325509776
-2.2287652504991775 -1.9368913325509776
-2.2287652504991775 -1.9368913325509776
-2.2287652504991775 -1.9368913325509776
-2.214571375721573 -1.9431232133368526
-2.1448645372469506 -1.948075194563896
-2.1150660774337395 -1.954831433013942
-2.108586111697888 -1.9610501660700395
-2.0945573100370054 -1.9632001492972015
-2.0945573100370054 -1.9632001492972015
-2.0945573100370054 -1.9632001492972015
-2.0945573100370054 -1.9632001492972015
-2.087944406587564 -1.97733782689082
-2.087944406587564 -1.97733782689082
-2.050446717657824 -1.9901935826017647
-2.050446717657824 -1.9901935826017647
-2.0461732133843196 -1.9931811100111274
-2.029669878689887 -2.0007882460650865
-2.029669878689887 -2.0007882460650865
-2.029669878689887 -2.0007882460650865
-2.029669878689887 -2.0007882460650865
-2.029669878689887 -2.0007882460650865
-2.029669878689887 -2.0007882460650865
-2.0254892766831976 -2.001011395310227
-2.0254892766831976 -2.001011395310227
-2.0213985800960077 -2.020701057453102
-2.006158535362558 -2.068944756855792
-2.006158535362558 -2.068944756855792
-2.0010115900163177 -2.0786031594494547
-2.0010115900163177 -2.0786031594494547
-2.0010115900163177 -2.0786031594494547
-2.0010115900163177 -2.0786031594494547
-1.9842667077194616 -2.0834768380791644
-1.9842667077194616 -2.0834768380791644
-1.9842667077194616 -2.0834768380791644
-1.9842667077194616 -2.0834768380791644
-1.9842667077194616 -2.0834768380791644
-1.9842667077194616 -2.0834768380791644
-1.9842667077194616 -2.0834768380791644
-1.9678792078505392 -2.0960314894808847
-1.9586150757728604 -2.1579342683705773
-1.9561892780568595 -2.165572126248822
-1.9538271140765537 -2.1668346841766155
-1.952085310888597 -2.181044792269023
-1.952085310888597 -2.181044792269023
-1.952085310888597 -2.181044792269023
-1.9495400204838167 -2.1882263392267376
-1.9495400204838167 -2.1882263392267376
-1.9495400204838167 -2.1882263392267376
-1.9230011468248513 -2.2159823850713276
-1.9230011468248513 -2.2159823850713276
-1.9230011468248513 -2.2159823850713276
-1.9230011468248513 -2.2159823850713276
-1.9230011468248513 -2.2159823850713276
-1.9230011468248513 -2.2159823850713276
-1.9150596793383827 -2.246074324752937
-1.9150596793383827 -2.246074324752937
-1.9150596793383827 -2.246074324752937
-1.9150596793383827 -2.246074324752937
-1.9150596793383827 -2.246074324752937
-1.9150596793383827 -2.246074324752937
-1.9150596793383827 -2.246074324752937
-1.9150596793383827 -2.246074324752937
-1.9150596793383827 -2.246074324752937
-1.9150596793383827 -2.246074324752937
-1.9150596793383827 -2.246074324752937
-1.9150596793383827 -2.246074324752937
-1.9150596793383827 -2.246074324752937
-1.9150596793383827 -2.246074324752937
-1.9150596793383827 -2.246074324752937
-1.9110500562429538 -2.267623100938498
-1.9110500562429538 -2.267623100938498
-1.9110500562429538 -2.267623100938498
-1.9027951824004457 -2.2870250864423443
-1.9027951824004457 -2.2870250864423443
-1.9027951824004457 -2.2870250864423443
-1.9027951824004457 -2.2870250864423443
-1.9027951824004457 -2.2870250864423443
-1.9027951824004457 -2.2870250864423443
-1.8982784705666604 -2.2956780647018746
-1.8906804194029376 -2.2992981624700923
-1.8906804194029376 -2.2992981624700923
-1.8906804194029376 -2.2992981624700923
-1.8880176152199533 -2.310476285473479
-1.8880176152199533 -2.310476285473479
-1.8880176152199533 -2.310476285473479
-1.8880176152199533 -2.310476285473479
-1.86727329687856 -2.3302439097805627
-1.8603835917617473 -2.3456995700003187
-1.8288945636244933 -2.406728903664609
-1.8288945636244933 -2.406728903664609
