-6.385038975813364 -2.675446246421665
-6.385038975813364 -2.675446246421665
-6.385038975813364 -2.675446246421665
-6.385038975813364 -2.675446246421665
-6.385038975813364 -2.675446246421665
-6.385038975813364 -2.675446246421665
-6.385038975813364 -2.675446246421665
-6.385038975813364 -2.675446246421665
-6.385038975813364 -2.675446246421665
-6.385038975813364 -2.675446246421665
-6.385038975813364 -2.675446246421665
-6.385038975813364 -2.675446246421665
-6.385038975813364 -2.675446246421665
-6.321652644446201 -2.6903583171426084
-6.321652644446201 -2.6903583171426084
-6.321652644446201 -2.6903583171426084
-6.321652644446201 -2.6903583171426084
-6.321652644446201 -2.6903583171426084
-6.321652644446201 -2.6903583171426084
-6.321652644446201 -2.6903583171426084
-6.321652644446201 -2.6903583171426084
-6.321652644446201 -2.6903583171426084
-6.321652644446201 -2.6903583171426084
-6.321652644446201 -2.6903583171426084
-6.321652644446201 -2.6903583171426084
-6.314245237038793 -2.707481968837572
-6.314245237038793 -2.707481968837572
-6.314245237038793 -2.707481968837572
-6.314245237038793 -2.707481968837572
-6.314245237038793 -2.707481968837572
-6.314245237038793 -2.707481968837572
-6.314245237038793 -2.707481968837572
-6.314245237038793 -2.707481968837572
-6.314245237038793 -2.707481968837572
-6.314245237038793 -2.707481968837572
-6.314245237038793 -2.707481968837572
-6.314245237038793 -2.707481968837572
-6.135315998485641 -2.7127087320700713
-6.135315998485641 -2.7127087320700713
-6.135315998485641 -2.7127087320700713
-6.135315998485641 -2.7127087320700713
-6.135315998485641 -2.7127087320700713
-6.135315998485641 -2.7127087320700713
-6.135315998485641 -2.7127087320700713
-6.135315998485641 -2.7127087320700713
-6.135315998485641 -2.7127087320700713
-6.135315998485641 -2.7127087320700713
-6.135315998485641 -2.7127087320700713
-6.135315998485641 -2.7127087320700713
-6.135315998485641 -2.7127087320700713
-6.0567542616469305 -2.720588412901069
-6.0567542616469305 -2.720588412901069
-6.0567542616469305 -2.720588412901069
-6.0567542616469305 -2.720588412901069
-6.0567542616469305 -2.720588412901069
-6.0567542616469305 -2.720588412901069
-6.0567542616469305 -2.720588412901069
-6.0567542616469305 -2.720588412901069
-6.0567542616469305 -2.720588412901069
-6.0567542616469305 -2.720588412901069
-6.0567542616469305 -2.720588412901069
-6.0567542616469305 -2.720588412901069
-6.0567542616469305 -2.720588412901069
-5.99666738168522 -2.735962724029741
-5.99666738168522 -2.735962724029741
-5.99666738168522 -2.735962724029741
-5.99666738168522 -2.735962724029741
-5.99666738168522 -2.735962724029741
-5.99666738168522 -2.735962724029741
-5.99666738168522 -2.735962724029741
-5.99666738168522 -2.735962724029741
-5.99666738168522 -2.735962724029741
-5.99666738168522 -2.735962724029741
-5.99666738168522 -2.735962724029741
-5.99666738168522 -2.735962724029741
-5.981065666408921 -2.7522516112395223
-5.981065666408921 -2.7522516112395223
-5.981065666408921 -2.7522516112395223
-5.981065666408921 -2.7522516112395223
-5.981065666408921 -2.7522516112395223
-5.981065666408921 -2.7522516112395223
-5.981065666408921 -2.7522516112395223
-5.981065666408921 -2.7522516112395223
-5.981065666408921 -2.7522516112395223
-5.981065666408921 -2.7522516112395223
-5.981065666408921 -2.7522516112395223
-5.981065666408921 -2.7522516112395223
-5.981065666408921 -2.7522516112395223
-5.796131730926177 -2.7759582205873943
-5.796131730926177 -2.7759582205873943
-5.796131730926177 -2.7759582205873943
-5.796131730926177 -2.7759582205873943
-5.796131730926177 -2.7759582205873943
-5.796131730926177 -2.7759582205873943
-5.796131730926177 -2.7759582205873943
-5.796131730926177 -2.7759582205873943
-5.796131730926177 -2.7759582205873943
-5.796131730926177 -2.7759582205873943
-5.796131730926177 -2.7759582205873943
-5.796131730926177 -2.7759582205873943
-5.796131730926177 -2.7759582205873943
-5.779896467802947 -2.7907524493255433
-5.779896467802947 -2.7907524493255433
-5.779896467802947 -2.7907524493255433
-5.779896467802947 -2.7907524493255433
-5.779896467802947 -2.7907524493255433
-5.779896467802947 -2.7907524493255433
-5.779896467802947 -2.7907524493255433
-5.779896467802947 -2.7907524493255433
-5.779896467802947 -2.7907524493255433
-5.779896467802947 -2.7907524493255433
-5.779896467802947 -2.7907524493255433
-5.779896467802947 -2.7907524493255433
-5.7791900814908646 -2.7915532221768187
-5.7791900814908646 -2.7915532221768187
-5.7791900814908646 -2.7915532221768187
-5.7791900814908646 -2.7915532221768187
-5.7791900814908646 -2.7915532221768187
-5.7791900814908646 -2.7915532221768187
-5.7791900814908646 -2.7915532221768187
-5.7791900814908646 -2.7915532221768187
-5.7791900814908646 -2.7915532221768187
-5.7791900814908646 -2.7915532221768187
-5.7791900814908646 -2.7915532221768187
-5.7791900814908646 -2.7915532221768187
-5.735472601978754 -2.792300695020454
-5.735472601978754 -2.792300695020454
-5.735472601978754 -2.792300695020454
-5.735472601978754 -2.792300695020454
-5.735472601978754 -2.792300695020454
-5.735472601978754 -2.792300695020454
-5.735472601978754 -2.792300695020454
-5.735472601978754 -2.792300695020454
-5.735472601978754 -2.792300695020454
-5.735472601978754 -2.792300695020454
-5.735472601978754 -2.792300695020454
-5.735472601978754 -2.792300695020454
-5.735472601978754 -2.792300695020454
-5.605541527481874 -2.8109266487634175
-5.605541527481874 -2.8109266487634175
-5.605541527481874 -2.8109266487634175
-5.605541527481874 -2.8109266487634175
-5.605541527481874 -2.8109266487634175
-5.605541527481874 -2.8109266487634175
-5.605541527481874 -2.8109266487634175
-5.605541527481874 -2.8109266487634175
-5.605541527481874 -2.8109266487634175
-5.605541527481874 -2.8109266487634175
-5.605541527481874 -2.8109266487634175
-5.605541527481874 -2.8109266487634175
-5.590525751056361 -2.8279204998602885
-5.590525751056361 -2.8279204998602885
-5.590525751056361 -2.8279204998602885
-5.590525751056361 -2.8279204998602885
-5.590525751056361 -2.8279204998602885
-5.590525751056361 -2.8279204998602885
-5.590525751056361 -2.8279204998602885
-5.590525751056361 -2.8279204998602885
-5.590525751056361 -2.8279204998602885
-5.590525751056361 -2.8279204998602885
-5.590525751056361 -2.8279204998602885
-5.590525751056361 -2.8279204998602885
-5.590525751056361 -2.8279204998602885
-5.519270985219111 -2.8677018005271355
-5.519270985219111 -2.8677018005271355
-5.519270985219111 -2.8677018005271355
-5.519270985219111 -2.8677018005271355
-5.519270985219111 -2.8677018005271355
-5.519270985219111 -2.8677018005271355
-5.519270985219111 -2.8677018005271355
-5.519270985219111 -2.8677018005271355
-5.519270985219111 -2.8677018005271355
-5.519270985219111 -2.8677018005271355
-5.519270985219111 -2.8677018005271355
-5.519270985219111 -2.8677018005271355
-5.519270985219111 -2.8677018005271355
-5.503790089303433 -2.8895084220660543
-5.503790089303433 -2.8895084220660543
-5.503790089303433 -2.8895084220660543
-5.503790089303433 -2.8895084220660543
-5.503790089303433 -2.8895084220660543
-5.503790089303433 -2.8895084220660543
-5.503790089303433 -2.8895084220660543
-5.503790089303433 -2.8895084220660543
-5.503790089303433 -2.8895084220660543
-5.503790089303433 -2.8895084220660543
-5.503790089303433 -2.8895084220660543
-5.503790089303433 -2.8895084220660543
-5.503790089303433 -2.8895084220660543
-5.467490248523386 -2.951424776863326
-5.467490248523386 -2.951424776863326
-5.467490248523386 -2.951424776863326
-5.467490248523386 -2.951424776863326
-5.467490248523386 -2.951424776863326
-5.467490248523386 -2.951424776863326
-5.467490248523386 -2.951424776863326
-5.467490248523386 -2.951424776863326
-5.467490248523386 -2.951424776863326
-5.467490248523386 -2.951424776863326
-5.467490248523386 -2.951424776863326
-5.467490248523386 -2.951424776863326
-5.467490248523386 -2.951424776863326
-5.450709836224786 -2.9668478088974606
-5.450709836224786 -2.9668478088974606
-5.450709836224786 -2.9668478088974606
-5.450709836224786 -2.9668478088974606
-5.450709836224786 -2.9668478088974606
-5.450709836224786 -2.9668478088974606
-5.450709836224786 -2.9668478088974606
-5.450709836224786 -2.9668478088974606
-5.450709836224786 -2.9668478088974606
-5.450709836224786 -2.9668478088974606
-5.450709836224786 -2.9668478088974606
-5.450709836224786 -2.9668478088974606
-5.44850219773597 -2.9843463191217516
-5.44850219773597 -2.9843463191217516
-5.44850219773597 -2.9843463191217516
-5.44850219773597 -2.9843463191217516
-5.44850219773597 -2.9843463191217516
-5.44850219773597 -2.9843463191217516
-5.44850219773597 -2.9843463191217516
-5.44850219773597 -2.9843463191217516
-5.44850219773597 -2.9843463191217516
-5.44850219773597 -2.9843463191217516
-5.44850219773597 -2.9843463191217516
-5.44850219773597 -2.9843463191217516
-5.445749927780132 -3.0149921649857854
-5.445749927780132 -3.0149921649857854
-5.445749927780132 -3.0149921649857854
-5.445749927780132 -3.0149921649857854
-5.445749927780132 -3.0149921649857854
-5.445749927780132 -3.0149921649857854
-5.445749927780132 -3.0149921649857854
-5.445749927780132 -3.0149921649857854
-5.445749927780132 -3.0149921649857854
-5.445749927780132 -3.0149921649857854
-5.445749927780132 -3.0149921649857854
-5.445749927780132 -3.0149921649857854
-5.388727019998207 -3.0215455974098795
-5.388727019998207 -3.0215455974098795
-5.388727019998207 -3.0215455974098795
-5.388727019998207 -3.0215455974098795
-5.388727019998207 -3.0215455974098795
-5.388727019998207 -3.0215455974098795
-5.388727019998207 -3.0215455974098795
-5.388727019998207 -3.0215455974098795
-5.388727019998207 -3.0215455974098795
-5.388727019998207 -3.0215455974098795
-5.388727019998207 -3.0215455974098795
-5.388727019998207 -3.0215455974098795
-5.3713635548381315 -3.0349943424030426
-5.3713635548381315 -3.0349943424030426
-5.3713635548381315 -3.0349943424030426
-5.3713635548381315 -3.0349943424030426
-5.3713635548381315 -3.0349943424030426
-5.3713635548381315 -3.0349943424030426
-5.3713635548381315 -3.0349943424030426
-5.3713635548381315 -3.0349943424030426
-5.3713635548381315 -3.0349943424030426
-5.3713635548381315 -3.0349943424030426
-5.3713635548381315 -3.0349943424030426
-5.3713635548381315 -3.0349943424030426
-5.3713635548381315 -3.0349943424030426
-5.328032954643662 -3.1393644175247895
-5.328032954643662 -3.1393644175247895
-5.328032954643662 -3.1393644175247895
-5.328032954643662 -3.1393644175247895
-5.328032954643662 -3.1393644175247895
-5.328032954643662 -3.1393644175247895
-5.328032954643662 -3.1393644175247895
-5.328032954643662 -3.1393644175247895
-5.328032954643662 -3.1393644175247895
-5.328032954643662 -3.1393644175247895
-5.328032954643662 -3.1393644175247895
-5.328032954643662 -3.1393644175247895
-5.3093726675623225 -3.146494027781467
-5.3093726675623225 -3.146494027781467
-5.3093726675623225 -3.146494027781467
-5.3093726675623225 -3.146494027781467
-5.3093726675623225 -3.146494027781467
-5.3093726675623225 -3.146494027781467
-5.3093726675623225 -3.146494027781467
-5.3093726675623225 -3.146494027781467
-5.3093726675623225 -3.146494027781467
-5.3093726675623225 -3.146494027781467
-5.3093726675623225 -3.146494027781467
-5.3093726675623225 -3.146494027781467
-5.302900219934343 -3.243212016193812
-5.302900219934343 -3.243212016193812
-5.302900219934343 -3.243212016193812
-5.302900219934343 -3.243212016193812
-5.302900219934343 -3.243212016193812
-5.302900219934343 -3.243212016193812
-5.302900219934343 -3.243212016193812
-5.302900219934343 -3.243212016193812
-5.302900219934343 -3.243212016193812
-5.302900219934343 -3.243212016193812
-5.302900219934343 -3.243212016193812
-5.302900219934343 -3.243212016193812
-5.302900219934343 -3.243212016193812
