-7.143216444016589 -2.975283345008058
-7.143216444016589 -2.975283345008058
-7.143216444016589 -2.975283345008058
-7.143216444016589 -2.975283345008058
-7.143216444016589 -2.975283345008058
-7.143216444016589 -2.975283345008058
-7.143216444016589 -2.975283345008058
-7.143216444016589 -2.975283345008058
-7.143216444016589 -2.975283345008058
-7.143216444016589 -2.975283345008058
-7.143216444016589 -2.975283345008058
-7.143216444016589 -2.975283345008058
-7.143216444016589 -2.975283345008058
-7.143216444016589 -2.975283345008058
-7.143216444016589 -2.975283345008058
-6.983218259878933 -3.011736663623087
-6.983218259878933 -3.011736663623087
-6.983218259878933 -3.011736663623087
-6.983218259878933 -3.011736663623087
-6.983218259878933 -3.011736663623087
-6.983218259878933 -3.011736663623087
-6.983218259878933 -3.011736663623087
-6.983218259878933 -3.011736663623087
-6.983218259878933 -3.011736663623087
-6.983218259878933 -3.011736663623087
-6.983218259878933 -3.011736663623087
-6.983218259878933 -3.011736663623087
-6.983218259878933 -3.011736663623087
-6.983218259878933 -3.011736663623087
-6.983218259878933 -3.011736663623087
-6.638478186569781 -3.0409630102684737
-6.638478186569781 -3.0409630102684737
-6.638478186569781 -3.0409630102684737
-6.638478186569781 -3.0409630102684737
-6.638478186569781 -3.0409630102684737
-6.638478186569781 -3.0409630102684737
-6.638478186569781 -3.0409630102684737
-6.638478186569781 -3.0409630102684737
-6.638478186569781 -3.0409630102684737
-6.638478186569781 -3.0409630102684737
-6.638478186569781 -3.0409630102684737
-6.638478186569781 -3.0409630102684737
-6.638478186569781 -3.0409630102684737
-6.638478186569781 -3.0409630102684737
-6.638478186569781 -3.0409630102684737
-6.593934606154 -3.082201021175888
-6.593934606154 -3.082201021175888
-6.593934606154 -3.082201021175888
-6.593934606154 -3.082201021175888
-6.593934606154 -3.082201021175888
-6.593934606154 -3.082201021175888
-6.593934606154 -3.082201021175888
-6.593934606154 -3.082201021175888
-6.593934606154 -3.082201021175888
-6.593934606154 -3.082201021175888
-6.593934606154 -3.082201021175888
-6.593934606154 -3.082201021175888
-6.593934606154 -3.082201021175888
-6.593934606154 -3.082201021175888
-6.567176741743341 -3.106151072356329
-6.567176741743341 -3.106151072356329
-6.567176741743341 -3.106151072356329
-6.567176741743341 -3.106151072356329
-6.567176741743341 -3.106151072356329
-6.567176741743341 -3.106151072356329
-6.567176741743341 -3.106151072356329
-6.567176741743341 -3.106151072356329
-6.567176741743341 -3.106151072356329
-6.567176741743341 -3.106151072356329
-6.567176741743341 -3.106151072356329
-6.567176741743341 -3.106151072356329
-6.567176741743341 -3.106151072356329
-6.567176741743341 -3.106151072356329
-6.4942226351505825 -3.135552912714106
-6.4942226351505825 -3.135552912714106
-6.4942226351505825 -3.135552912714106
-6.4942226351505825 -3.135552912714106
-6.4942226351505825 -3.135552912714106
-6.4942226351505825 -3.135552912714106
-6.4942226351505825 -3.135552912714106
-6.4942226351505825 -3.135552912714106
-6.4942226351505825 -3.135552912714106
-6.4942226351505825 -3.135552912714106
-6.4942226351505825 -3.135552912714106
-6.4942226351505825 -3.135552912714106
-6.4942226351505825 -3.135552912714106
-6.4942226351505825 -3.135552912714106
-6.4942226351505825 -3.135552912714106
-6.364958228579857 -3.1619681016468295
-6.364958228579857 -3.1619681016468295
-6.364958228579857 -3.1619681016468295
-6.364958228579857 -3.1619681016468295
-6.364958228579857 -3.1619681016468295
-6.364958228579857 -3.1619681016468295
-6.364958228579857 -3.1619681016468295
-6.364958228579857 -3.1619681016468295
-6.364958228579857 -3.1619681016468295
-6.364958228579857 -3.1619681016468295
-6.364958228579857 -3.1619681016468295
-6.364958228579857 -3.1619681016468295
-6.364958228579857 -3.1619681016468295
-6.364958228579857 -3.1619681016468295
-6.199306832546042 -3.1650096615737047
-6.199306832546042 -3.1650096615737047
-6.199306832546042 -3.1650096615737047
-6.199306832546042 -3.1650096615737047
-6.199306832546042 -3.1650096615737047
-6.199306832546042 -3.1650096615737047
-6.199306832546042 -3.1650096615737047
-6.199306832546042 -3.1650096615737047
-6.199306832546042 -3.1650096615737047
-6.199306832546042 -3.1650096615737047
-6.199306832546042 -3.1650096615737047
-6.199306832546042 -3.1650096615737047
-6.199306832546042 -3.1650096615737047
-6.199306832546042 -3.1650096615737047
-6.157750259247132 -3.1805463006654193
-6.157750259247132 -3.1805463006654193
-6.157750259247132 -3.1805463006654193
-6.157750259247132 -3.1805463006654193
-6.157750259247132 -3.1805463006654193
-6.157750259247132 -3.1805463006654193
-6.157750259247132 -3.1805463006654193
-6.157750259247132 -3.1805463006654193
-6.157750259247132 -3.1805463006654193
-6.157750259247132 -3.1805463006654193
-6.157750259247132 -3.1805463006654193
-6.157750259247132 -3.1805463006654193
-6.157750259247132 -3.1805463006654193
-6.157750259247132 -3.1805463006654193
-6.107457434944196 -3.1952520106373745
-6.107457434944196 -3.1952520106373745
-6.107457434944196 -3.1952520106373745
-6.107457434944196 -3.1952520106373745
-6.107457434944196 -3.1952520106373745
-6.107457434944196 -3.1952520106373745
-6.107457434944196 -3.1952520106373745
-6.107457434944196 -3.1952520106373745
-6.107457434944196 -3.1952520106373745
-6.107457434944196 -3.1952520106373745
-6.107457434944196 -3.1952520106373745
-6.107457434944196 -3.1952520106373745
-6.107457434944196 -3.1952520106373745
-6.107457434944196 -3.1952520106373745
-6.0787504126381675 -3.2268302338946704
-6.0787504126381675 -3.2268302338946704
-6.0787504126381675 -3.2268302338946704
-6.0787504126381675 -3.2268302338946704
-6.0787504126381675 -3.2268302338946704
-6.0787504126381675 -3.2268302338946704
-6.0787504126381675 -3.2268302338946704
-6.0787504126381675 -3.2268302338946704
-6.0787504126381675 -3.2268302338946704
-6.0787504126381675 -3.2268302338946704
-6.0787504126381675 -3.2268302338946704
-6.0787504126381675 -3.2268302338946704
-6.0787504126381675 -3.2268302338946704
-6.0787504126381675 -3.2268302338946704
-6.0643067479294475 -3.231045545099059
-6.0643067479294475 -3.231045545099059
-6.0643067479294475 -3.231045545099059
-6.0643067479294475 -3.231045545099059
-6.0643067479294475 -3.231045545099059
-6.0643067479294475 -3.231045545099059
-6.0643067479294475 -3.231045545099059
-6.0643067479294475 -3.231045545099059
-6.0643067479294475 -3.231045545099059
-6.0643067479294475 -3.231045545099059
-6.0643067479294475 -3.231045545099059
-6.0643067479294475 -3.231045545099059
-6.0643067479294475 -3.231045545099059
-6.0643067479294475 -3.231045545099059
-6.0441217982958575 -3.2473063461249856
-6.0441217982958575 -3.2473063461249856
-6.0441217982958575 -3.2473063461249856
-6.0441217982958575 -3.2473063461249856
-6.0441217982958575 -3.2473063461249856
-6.0441217982958575 -3.2473063461249856
-6.0441217982958575 -3.2473063461249856
-6.0441217982958575 -3.2473063461249856
-6.0441217982958575 -3.2473063461249856
-6.0441217982958575 -3.2473063461249856
-6.0441217982958575 -3.2473063461249856
-6.0441217982958575 -3.2473063461249856
-6.0441217982958575 -3.2473063461249856
-6.0441217982958575 -3.2473063461249856
-6.0362745148218115 -3.2481775789288347
-6.0362745148218115 -3.2481775789288347
-6.0362745148218115 -3.2481775789288347
-6.0362745148218115 -3.2481775789288347
-6.0362745148218115 -3.2481775789288347
-6.0362745148218115 -3.2481775789288347
-6.0362745148218115 -3.2481775789288347
-6.0362745148218115 -3.2481775789288347
-6.0362745148218115 -3.2481775789288347
-6.0362745148218115 -3.2481775789288347
-6.0362745148218115 -3.2481775789288347
-6.0362745148218115 -3.2481775789288347
-6.0362745148218115 -3.2481775789288347
-6.0362745148218115 -3.2481775789288347
-6.019547774897351 -3.2488202848493497
-6.019547774897351 -3.2488202848493497
-6.019547774897351 -3.2488202848493497
-6.019547774897351 -3.2488202848493497
-6.019547774897351 -3.2488202848493497
-6.019547774897351 -3.2488202848493497
-6.019547774897351 -3.2488202848493497
-6.019547774897351 -3.2488202848493497
-6.019547774897351 -3.2488202848493497
-6.019547774897351 -3.2488202848493497
-6.019547774897351 -3.2488202848493497
-6.019547774897351 -3.2488202848493497
-6.019547774897351 -3.2488202848493497
-6.019547774897351 -3.2488202848493497
-5.9732275472117236 -3.2536735513336352
-5.9732275472117236 -3.2536735513336352
-5.9732275472117236 -3.2536735513336352
-5.9732275472117236 -3.2536735513336352
-5.9732275472117236 -3.2536735513336352
-5.9732275472117236 -3.2536735513336352
-5.9732275472117236 -3.2536735513336352
-5.9732275472117236 -3.2536735513336352
-5.9732275472117236 -3.2536735513336352
-5.9732275472117236 -3.2536735513336352
-5.9732275472117236 -3.2536735513336352
-5.9732275472117236 -3.2536735513336352
-5.9732275472117236 -3.2536735513336352
-5.9732275472117236 -3.2536735513336352
-5.644792071171272 -3.269182673598246
-5.644792071171272 -3.269182673598246
-5.644792071171272 -3.269182673598246
-5.644792071171272 -3.269182673598246
-5.644792071171272 -3.269182673598246
-5.644792071171272 -3.269182673598246
-5.644792071171272 -3.269182673598246
-5.644792071171272 -3.269182673598246
-5.644792071171272 -3.269182673598246
-5.644792071171272 -3.269182673598246
-5.644792071171272 -3.269182673598246
-5.644792071171272 -3.269182673598246
-5.644792071171272 -3.269182673598246
-5.644792071171272 -3.269182673598246
-5.618248712036813 -3.3619625442589105
-5.618248712036813 -3.3619625442589105
-5.618248712036813 -3.3619625442589105
-5.618248712036813 -3.3619625442589105
-5.618248712036813 -3.3619625442589105
-5.618248712036813 -3.3619625442589105
-5.618248712036813 -3.3619625442589105
-5.618248712036813 -3.3619625442589105
-5.618248712036813 -3.3619625442589105
-5.618248712036813 -3.3619625442589105
-5.618248712036813 -3.3619625442589105
-5.618248712036813 -3.3619625442589105
-5.618248712036813 -3.3619625442589105
-5.618248712036813 -3.3619625442589105
-5.5516179718067855 -3.3672335591849976
-5.5516179718067855 -3.3672335591849976
-5.5516179718067855 -3.3672335591849976
-5.5516179718067855 -3.3672335591849976
-5.5516179718067855 -3.3672335591849976
-5.5516179718067855 -3.3672335591849976
-5.5516179718067855 -3.3672335591849976
-5.5516179718067855 -3.3672335591849976
-5.5516179718067855 -3.3672335591849976
-5.5516179718067855 -3.3672335591849976
-5.5516179718067855 -3.3672335591849976
-5.5516179718067855 -3.3672335591849976
-5.5516179718067855 -3.3672335591849976
-5.5516179718067855 -3.3672335591849976
-5.514899417600857 -3.4033430764162556
-5.514899417600857 -3.4033430764162556
-5.514899417600857 -3.4033430764162556
-5.514899417600857 -3.4033430764162556
-5.514899417600857 -3.4033430764162556
-5.514899417600857 -3.4033430764162556
-5.514899417600857 -3.4033430764162556
-5.514899417600857 -3.4033430764162556
-5.514899417600857 -3.4033430764162556
-5.514899417600857 -3.4033430764162556
-5.514899417600857 -3.4033430764162556
-5.514899417600857 -3.4033430764162556
-5.514899417600857 -3.4033430764162556
-5.514899417600857 -3.4033430764162556
-5.514899417600857 -3.4033430764162556
-5.403006358326745 -3.4332787820977493
-5.403006358326745 -3.4332787820977493
-5.403006358326745 -3.4332787820977493
-5.403006358326745 -3.4332787820977493
-5.403006358326745 -3.4332787820977493
-5.403006358326745 -3.4332787820977493
-5.403006358326745 -3.4332787820977493
-5.403006358326745 -3.4332787820977493
-5.403006358326745 -3.4332787820977493
-5.403006358326745 -3.4332787820977493
-5.403006358326745 -3.4332787820977493
-5.403006358326745 -3.4332787820977493
-5.403006358326745 -3.4332787820977493
-5.403006358326745 -3.4332787820977493
-5.403006358326745 -3.4332787820977493
